#1:ID
#2:z_true
#3:t_true
#4:E(B-V)
#5:Mr
#6:up.res
#7:g.res
#8:r.res
#9:i.res
#10:z.res
#11:y.res
#12:4400.res
#13:4500.res
#14:4600.res
#15:4700.res
#16:4800.res
#17:4900.res
#18:5000.res
#19:5100.res
#20:5200.res
#21:5300.res
#22:5400.res
#23:5500.res
#24:5600.res
#25:5700.res
#26:5800.res
#27:5900.res
#28:6000.res
#29:6100.res
#30:6200.res
#31:6300.res
#32:6400.res
#33:6500.res
#34:6600.res
#35:6700.res
#36:6800.res
#37:6900.res
#38:7000.res
#39:7100.res
#40:7200.res
#41:7300.res
#42:7400.res
#43:7500.res
#44:7600.res
#45:7700.res
#46:7800.res
#47:7900.res
#48:8000.res
#49:8100.res
#50:8200.res
#51:8300.res
#52:8400.res
#53:8500.res
0 22.6786 21.9713 20.5098 19.5396 19.1391 18.9646 22.2716 22.2018 22.1279 22.0545 21.9770 21.8912 21.8034 21.7154 21.6433 21.5501 21.4154 21.3050 21.2215 21.1317 21.0385 20.9392 20.8398 20.7915 20.7290 20.5772 20.4981 20.4886 20.4006 20.3128 20.1507 19.9585 19.9235 19.8923 19.8284 19.8029 19.7622 19.6788 19.5741 19.5036 19.4568 19.4181 19.3938 19.3516 19.3143 19.3071 19.2921 19.2661 0.7230 11.46
1 24.5713 24.0329 22.8364 21.7662 21.1214 20.9766 24.2142 24.1748 24.1310 24.0832 24.0321 23.9783 23.9177 23.8539 23.7903 23.7260 23.6536 23.5791 23.5012 23.4270 23.3642 23.2790 23.1610 23.0588 22.9830 22.9019 22.8194 22.7309 22.6409 22.5534 22.5221 22.4620 22.3219 22.2332 22.2275 22.1661 22.0781 22.0022 21.7979 21.6786 21.6655 21.6306 21.5722 21.5475 21.5247 21.4566 21.3720 21.2919 0.9150 12.12
2 21.6843 20.2689 19.1949 18.8241 18.5395 18.4047 20.6984 20.5967 20.5179 20.3334 20.2660 20.1478 20.0313 19.8241 19.7688 19.6969 19.6583 19.6156 19.5022 19.4061 19.3557 19.3188 19.2764 19.2464 19.2327 19.1986 19.1863 19.1809 19.1591 19.1185 19.0594 19.0094 18.9766 18.9457 18.9313 18.9186 18.9077 18.8906 18.8552 18.8270 18.8051 18.7891 18.7741 18.7520 18.7246 18.6971 18.6734 18.6560 0.2786 15.75
3 23.5257 22.2975 20.7573 20.2150 19.8869 19.7428 22.7636 22.6396 22.4787 22.3696 22.2679 22.1605 22.0442 21.9408 21.8910 21.7427 21.6264 21.6101 21.5081 21.3796 21.1371 21.0367 21.0050 20.9364 20.9037 20.8253 20.7125 20.6145 20.5545 20.5104 20.4766 20.4206 20.4030 20.3878 20.3599 20.3546 20.3498 20.3457 20.2788 20.2324 20.1742 20.1510 20.1148 20.0826 20.0643 20.0486 20.0391 20.0301 0.4587 10.68
4 25.9652 24.7605 23.2610 22.7612 22.4425 22.3022 25.2239 25.0766 24.9461 24.8430 24.7334 24.6165 24.4967 24.4320 24.3370 24.1723 24.1351 24.0550 23.9465 23.7418 23.5839 23.5584 23.4881 23.4523 23.3981 23.2901 23.1866 23.1223 23.0773 23.0455 22.9936 22.9696 22.9568 22.9280 22.9179 22.9133 22.9090 22.8585 22.8078 22.7483 22.7220 22.6868 22.6547 22.6378 22.6227 22.6129 22.6033 22.5746 0.4415 11.97
5 26.3630 25.8563 24.7875 23.7506 22.7577 22.3654 25.9643 25.9271 25.8900 25.8538 25.8207 25.7897 25.7600 25.7314 25.6967 25.6528 25.6049 25.5482 25.4856 25.4033 25.3189 25.2363 25.1549 25.0632 24.9677 24.8750 24.7819 24.7088 24.6548 24.5585 24.4131 24.2892 24.2255 24.1674 24.1038 24.0413 23.9680 23.8951 23.8231 23.8024 23.7446 23.6198 23.5197 23.5078 23.5334 23.4922 23.4054 23.2997 1.1721 6.89
6 25.7423 25.1677 23.8056 22.7015 21.9218 21.7487 25.3652 25.3311 25.2956 25.2492 25.1981 25.1381 25.0706 24.9846 24.8973 24.8119 24.7225 24.6224 24.5239 24.4248 24.3447 24.2806 24.1632 24.0087 23.9060 23.8407 23.7680 23.6967 23.6142 23.5281 23.4602 23.4320 23.3364 23.2016 23.1457 23.1663 23.1253 23.0349 22.8946 22.6765 22.5279 22.5090 22.4862 22.4280 22.3923 22.3517 22.2690 22.1801 0.9392 7.70
7 26.7853 26.2665 25.2125 24.1509 23.3281 23.0651 26.4025 26.3663 26.3291 26.2927 26.2570 26.2185 26.1740 26.1272 26.0758 26.0206 25.9564 25.8917 25.8275 25.7613 25.6866 25.6111 25.5331 25.4591 25.4005 25.3258 25.2108 25.0986 25.0231 24.9530 24.8792 24.8015 24.7191 24.6368 24.5631 24.5412 24.4726 24.3441 24.2531 24.2551 24.2194 24.1316 24.0608 23.9133 23.7274 23.6694 23.6632 23.6172 1.0512 10.83
8 26.7494 25.1405 24.2118 23.8139 23.5424 23.4006 25.6563 25.3372 25.2678 25.1927 25.1114 24.9654 24.8196 24.7239 24.6668 24.5947 24.5557 24.5303 24.5158 24.5120 24.4890 24.3899 24.3197 24.2869 24.2358 24.2003 24.1754 24.1642 24.1386 24.0723 24.0249 24.0091 24.0094 23.9963 23.9559 23.9094 23.8764 23.8639 23.8381 23.8121 23.7869 23.7706 23.7848 23.7683 23.7000 23.6539 23.6270 23.6212 0.1268 6.64
9 26.0279 25.5850 24.8133 23.8148 22.9295 22.5409 25.6839 25.6464 25.6136 25.5819 25.5492 25.5168 25.4837 25.4503 25.4176 25.3856 25.3518 25.3117 25.2704 25.2244 25.1768 25.1214 25.0609 25.0010 24.9415 24.8801 24.8107 24.7409 24.6698 24.5976 24.5398 24.4852 24.4014 24.2906 24.1910 24.1263 24.0638 23.9992 23.9252 23.8554 23.7806 23.7044 23.6616 23.6418 23.5562 23.4322 23.3632 23.3670 1.2652 10.47
10 27.8154 27.0127 25.0758 23.9061 22.9937 22.8067 27.3769 27.3680 27.3384 27.2802 27.1974 27.0912 26.9320 26.7450 26.5749 26.4161 26.2424 26.0721 25.9164 25.7833 25.7135 25.6009 25.3748 25.1996 25.1382 25.0824 25.0317 24.9673 24.8882 24.8258 24.8085 24.6945 24.5410 24.4956 24.5560 24.6081 24.5231 24.3531 24.0078 23.7916 23.7322 23.7348 23.6860 23.6278 23.5638 23.4524 23.3541 23.2505 0.9204 2.03
11 26.4450 25.1481 23.5512 22.9475 22.6035 22.4571 25.6082 25.5119 25.3393 25.1922 25.0990 25.0018 24.8955 24.7824 24.7130 24.6287 24.4626 24.4190 24.3943 24.2809 24.0875 23.8435 23.7922 23.7479 23.6860 23.6399 23.5373 23.4217 23.3294 23.2691 23.2281 23.1855 23.1301 23.1173 23.0968 23.0755 23.0725 23.0691 23.0535 22.9850 22.9280 22.8782 22.8575 22.8191 22.7865 22.7667 22.7500 22.7409 0.4753 8.66
12 27.0344 26.0309 24.4875 23.7953 23.4524 23.3136 26.4383 26.3421 26.2454 26.1648 26.0519 25.9056 25.8000 25.7038 25.6027 25.4939 25.3831 25.3228 25.2474 25.0842 25.0280 24.9887 24.8830 24.7549 24.5302 24.4568 24.4258 24.3591 24.3318 24.2731 24.1721 24.0714 24.0071 23.9631 23.9317 23.8890 23.8487 23.8406 23.8178 23.7953 23.7922 23.7873 23.7819 23.7278 23.6836 23.6247 23.5989 23.5694 0.5554 11.55
13 26.1207 25.4893 24.1188 23.0645 22.6170 22.4427 25.7468 25.6899 25.6283 25.5586 25.4886 25.4187 25.3410 25.2590 25.1739 25.0934 25.0248 24.9243 24.7947 24.6959 24.6143 24.5265 24.4351 24.3387 24.2418 24.1935 24.1403 23.9949 23.9015 23.8945 23.8207 23.7314 23.6079 23.4063 23.3309 23.3159 23.2556 23.2153 23.1923 23.1278 23.0367 22.9499 22.8911 22.8516 22.8183 22.7943 22.7474 22.7229 0.7801 11.76
14 25.9743 24.5557 23.4090 23.0156 22.7266 22.5913 25.0042 24.8699 24.8050 24.6670 24.5271 24.4673 24.3490 24.1853 24.0018 23.9653 23.8892 23.8606 23.7896 23.6713 23.5840 23.5350 23.4993 23.4507 23.4257 23.4095 23.3767 23.3692 23.3644 23.3362 23.2903 23.2257 23.1854 23.1509 23.1188 23.1032 23.0898 23.0801 23.0587 23.0243 22.9915 22.9696 22.9559 22.9438 22.9225 22.8941 22.8648 22.8392 0.2958 14.25
15 24.8673 23.3509 21.6938 21.1236 20.7635 20.6204 23.8255 23.6118 23.4759 23.3871 23.2944 23.1856 23.0845 23.0303 22.8760 22.7605 22.7816 22.7120 22.5430 22.2391 22.0946 22.0728 22.0031 21.9494 21.8444 21.7202 21.6091 21.5350 21.4839 21.4419 21.3763 21.3566 21.3370 21.3177 21.3153 21.3139 21.2985 21.2155 21.1415 21.1061 21.0829 21.0401 21.0089 20.9865 20.9691 20.9625 20.9480 20.8981 0.4360 6.27
16 24.2231 23.4934 22.0273 21.2301 20.8933 20.7473 23.7778 23.7147 23.6499 23.5780 23.5025 23.4228 23.3497 23.2632 23.1485 23.0437 22.9506 22.8508 22.7468 22.6409 22.5363 22.4987 22.4154 22.2557 22.2027 22.1463 22.0449 21.9614 21.7728 21.6817 21.6640 21.5957 21.5618 21.5473 21.4761 21.3816 21.3046 21.2617 21.2237 21.2011 21.1635 21.1330 21.1259 21.1099 21.0803 21.0723 21.0688 21.0661 0.6597 14.74
17 26.7516 26.0333 24.4882 23.3011 22.6704 22.4947 26.3944 26.3403 26.2740 26.1971 26.0922 25.9813 25.8743 25.7634 25.6397 25.5202 25.4041 25.3220 25.2421 25.0780 24.9128 24.8314 24.7627 24.6933 24.6146 24.5262 24.4501 24.4192 24.3194 24.1748 24.1273 24.1620 24.1239 24.0184 23.8323 23.5707 23.4588 23.4517 23.4055 23.3519 23.3137 23.2286 23.1319 23.0334 22.9520 22.8950 22.8489 22.8236 0.8322 5.86
18 26.1091 24.8048 23.1898 22.5520 22.2014 22.0561 25.2562 25.1679 25.0209 24.8423 24.7404 24.6473 24.5492 24.4383 24.3441 24.2919 24.1391 24.0302 24.0370 23.9544 23.8141 23.5468 23.4021 23.3812 23.3144 23.2697 23.1929 23.0786 22.9678 22.8924 22.8388 22.8047 22.7474 22.7093 22.7004 22.6730 22.6636 22.6584 22.6625 22.6217 22.5481 22.4904 22.4572 22.4313 22.3910 22.3649 22.3453 22.3303 0.4874 8.09
19 22.0084 20.4725 19.1798 18.7368 18.4323 18.2981 20.9306 20.8036 20.7336 20.5942 20.4583 20.4410 20.3286 20.1300 19.8808 19.8329 19.7660 19.7149 19.6296 19.5009 19.3925 19.3253 19.2818 19.2267 19.1841 19.1704 19.1413 19.1344 19.1313 19.1095 19.0346 18.9693 18.9314 18.8972 18.8572 18.8346 18.8165 18.8073 18.7887 18.7433 18.6971 18.6716 18.6627 18.6592 18.6434 18.6113 18.5747 18.5423 0.2995 9.36
20 28.4428 26.8092 25.0849 24.3608 23.9793 23.8294 27.2912 27.1940 27.0311 26.7982 26.6876 26.6088 26.5275 26.4254 26.3378 26.2869 26.1222 26.0154 26.0576 26.0282 25.8618 25.5385 25.3223 25.2987 25.2461 25.1822 25.0906 24.9650 24.8415 24.7477 24.6792 24.6392 24.5809 24.5235 24.5136 24.4876 24.4807 24.4762 24.4815 24.4544 24.3587 24.2883 24.2580 24.2369 24.1934 24.1600 24.1358 24.1162 0.4917 4.20
21 22.9799 21.7206 20.2951 19.8408 19.5330 19.3981 22.1375 22.0233 21.9118 21.7935 21.6689 21.5702 21.5107 21.3392 21.2600 21.2001 21.0886 20.9123 20.7240 20.6934 20.6235 20.5847 20.5340 20.4244 20.3205 20.2580 20.2142 20.1805 20.1288 20.1120 20.0946 20.0651 20.0598 20.0556 20.0364 19.9805 19.9301 19.8776 19.8496 19.8136 19.7917 19.7760 19.7640 19.7555 19.7337 19.6944 19.6609 19.6399 0.3957 12.61
22 24.5382 23.6852 22.1961 21.5278 21.2038 21.0761 24.0354 23.9599 23.8796 23.7987 23.7202 23.6141 23.4962 23.3966 23.2935 23.1853 23.0739 22.9606 22.9083 22.8355 22.6692 22.6088 22.5441 22.4430 22.3426 22.1481 22.0898 22.0535 21.9870 21.9694 21.9324 21.8381 21.7464 21.6877 21.6506 21.6207 21.5882 21.5509 21.5411 21.5263 21.4959 21.4869 21.4829 21.4791 21.4441 21.4113 21.3627 21.3129 0.5797 15.00
23 26.4388 25.9839 25.1550 24.1227 23.2272 22.8254 26.0846 26.0470 26.0134 25.9803 25.9465 25.9134 25.8804 25.8482 25.8167 25.7860 25.7503 25.7088 25.6649 25.6155 25.5631 25.4983 25.4313 25.3650 25.2997 25.2282 25.1504 25.0739 24.9953 24.9225 24.8694 24.8040 24.6957 24.5757 24.4889 24.4315 24.3666 24.3056 24.2299 24.1603 24.0849 24.0206 24.0006 23.9480 23.8291 23.7264 23.7070 23.7187 1.2517 9.14
24 23.8614 22.6772 21.0799 20.3997 20.0468 19.9063 23.1169 23.0064 22.9215 22.7845 22.6162 22.5141 22.4207 22.3230 22.2139 22.1119 22.0644 21.9374 21.7985 21.7910 21.7308 21.6149 21.3949 21.1940 21.1653 21.1120 21.0570 21.0112 20.9104 20.7984 20.7105 20.6519 20.6111 20.5749 20.5172 20.5012 20.4857 20.4605 20.4563 20.4508 20.4518 20.3928 20.3331 20.2774 20.2513 20.2207 20.1834 20.1615 0.5199 9.00
25 27.2463 26.4455 24.9475 24.1335 23.7817 23.6341 26.7728 26.7019 26.6245 26.5413 26.4540 26.3721 26.2946 26.1784 26.0525 25.9586 25.8636 25.7647 25.6598 25.5525 25.4884 25.4366 25.2815 25.1923 25.1698 25.0701 24.9837 24.8014 24.6502 24.6325 24.5777 24.5253 24.5074 24.4439 24.3451 24.2568 24.2019 24.1642 24.1330 24.0979 24.0574 24.0484 24.0340 24.0064 23.9968 23.9934 23.9926 23.9646 0.6422 12.82
26 26.6614 26.0760 24.6305 23.5246 22.6571 22.4423 26.2594 26.2278 26.1981 26.1638 26.1160 26.0616 25.9959 25.9175 25.8156 25.7147 25.6170 25.5140 25.4000 25.2899 25.1812 25.0973 25.0346 24.9092 24.7385 24.6283 24.5684 24.5007 24.4366 24.3591 24.2774 24.2080 24.1822 24.0959 23.9543 23.8876 23.9137 23.9157 23.8187 23.7072 23.4787 23.2714 23.2174 23.2120 23.1641 23.1129 23.0792 23.0015 0.9722 5.98
27 27.5650 26.6894 25.1630 24.3322 23.9662 23.8184 27.0574 26.9767 26.8857 26.7920 26.6965 26.6180 26.5206 26.3767 26.2620 26.1733 26.0788 25.9785 25.8731 25.7811 25.7434 25.6206 25.4832 25.4653 25.4039 25.3047 25.1579 24.9430 24.8874 24.8565 24.7921 24.7642 24.7115 24.6167 24.5163 24.4457 24.4001 24.3657 24.3307 24.2832 24.2666 24.2564 24.2299 24.2168 24.2140 24.2128 24.1948 24.1371 0.6271 11.17
28 28.5923 27.1866 24.9926 23.6619 22.8609 22.6720 28.2211 28.1492 28.0207 27.8320 27.5444 27.2191 26.9516 26.7174 26.4718 26.2476 26.0506 25.9043 25.8392 25.6571 25.3748 25.2359 25.1935 25.1424 25.0983 25.0259 24.9505 24.9417 24.8552 24.6634 24.5993 24.6729 24.7842 24.7281 24.5032 24.1219 23.8481 23.7810 23.7928 23.7374 23.6726 23.5800 23.4518 23.3476 23.2338 23.1517 23.0803 23.0369 0.8459 0.02
29 28.3826 26.3352 24.5186 23.6773 23.2675 23.1148 26.8767 26.7115 26.6143 26.3739 26.1325 26.0510 25.9844 25.9137 25.8165 25.7570 25.6862 25.4932 25.4380 25.5274 25.5110 25.2898 24.8985 24.6750 24.6565 24.6089 24.5351 24.4228 24.2880 24.1581 24.0569 23.9772 23.9348 23.8776 23.8065 23.7942 23.7703 23.7623 23.7605 23.7619 23.7550 23.6516 23.5639 23.5289 23.5161 23.4738 23.4342 23.4067 0.5150 1.55
30 25.0982 23.4417 22.2142 21.7798 21.4902 21.3758 23.9776 23.7914 23.7495 23.7141 23.5333 23.2055 23.0764 23.0307 22.9586 22.8637 22.7210 22.5944 22.5121 22.4620 22.3958 22.3519 22.3334 22.3109 22.3059 22.3081 22.2467 22.1585 22.1045 22.0755 22.0279 21.9951 21.9712 21.9591 21.9462 21.8929 21.8360 21.8079 21.8015 21.8021 21.7843 21.7455 21.7030 21.6711 21.6588 21.6403 21.6147 21.5907 0.2343 6.55
31 27.7864 26.5747 25.2008 24.7696 24.4730 24.3380 27.0060 26.8924 26.7758 26.6527 26.5255 26.4286 26.3700 26.1946 26.1171 26.0380 25.9330 25.7626 25.6027 25.5740 25.5000 25.4710 25.4226 25.3147 25.2185 25.1645 25.1251 25.0919 25.0464 25.0338 25.0143 24.9833 24.9792 24.9742 24.9507 24.9058 24.8542 24.8030 24.7737 24.7401 24.7222 24.7087 24.6977 24.6879 24.6656 24.6312 24.6022 24.5824 0.3934 14.48
32 26.0810 25.5817 24.7073 23.6903 22.8410 22.5558 25.7042 25.6705 25.6366 25.5997 25.5626 25.5259 25.4894 25.4487 25.4057 25.3604 25.3136 25.2632 25.2093 25.1556 25.1020 25.0457 24.9832 24.9201 24.8531 24.7885 24.7324 24.6643 24.5686 24.4705 24.3956 24.3237 24.2476 24.1718 24.0882 24.0061 23.9229 23.8878 23.8541 23.7479 23.6244 23.5895 23.5752 23.4959 23.4229 23.3529 23.1903 23.0617 1.1163 13.27
33 23.8350 23.0946 21.6316 20.8886 20.5642 20.4300 23.3818 23.3211 23.2547 23.1840 23.1076 23.0331 22.9546 22.8509 22.7429 22.6470 22.5454 22.4394 22.3312 22.2200 22.1654 22.1094 21.9463 21.8672 21.8181 21.7113 21.6386 21.4640 21.3583 21.3419 21.2747 21.2372 21.2271 21.1631 21.0674 20.9909 20.9487 20.9170 20.8902 20.8542 20.8276 20.8202 20.8030 20.7724 20.7662 20.7615 20.7574 20.7254 0.6375 15.83
34 27.6035 26.3737 24.4884 23.1046 22.4812 22.2643 27.2410 27.1215 26.9617 26.7220 26.4966 26.2971 26.0921 25.8847 25.7003 25.5457 25.4681 25.3248 25.0634 24.9050 24.8521 24.7949 24.7418 24.6641 24.5866 24.5659 24.4689 24.2940 24.2423 24.3165 24.3783 24.2673 24.0163 23.6664 23.4756 23.4576 23.4409 23.3725 23.3032 23.1907 23.0785 22.9657 22.8723 22.8003 22.7449 22.7164 22.6560 22.5953 0.7872 1.16
35 25.6220 25.0695 23.8101 22.7239 22.0233 21.8678 25.2585 25.2212 25.1802 25.1324 25.0808 25.0245 24.9599 24.8870 24.8148 24.7430 24.6631 24.5786 24.4931 24.4088 24.3436 24.2663 24.1403 24.0179 23.9398 23.8650 23.7875 23.7049 23.6171 23.5287 23.4819 23.4401 23.3133 23.2000 23.1871 23.1676 23.0788 23.0013 22.8148 22.6390 22.5898 22.5770 22.5223 22.4786 22.4580 22.3981 22.3137 22.2265 0.9243 10.12
36 26.1207 25.1051 23.5449 22.7875 22.4278 22.2837 25.5224 25.4203 25.3160 25.2243 25.1380 24.9925 24.8535 24.7619 24.6671 24.5675 24.4598 24.3619 24.3195 24.1967 24.0571 24.0422 23.9810 23.8762 23.6979 23.4858 23.4455 23.4038 23.3425 23.3128 23.2363 23.1290 23.0333 22.9729 22.9264 22.8971 22.8485 22.8112 22.8026 22.7806 22.7604 22.7579 22.7539 22.7475 22.6865 22.6385 22.5822 22.5592 0.5737 10.26
37 25.1905 23.8952 22.4628 22.0020 21.6936 21.5574 24.3025 24.1937 24.0817 23.9622 23.8372 23.7605 23.6711 23.5008 23.4594 23.3747 23.2589 23.0351 22.9017 22.8697 22.7983 22.7669 22.6883 22.5723 22.4785 22.4230 22.3834 22.3414 22.2962 22.2854 22.2599 22.2396 22.2358 22.2340 22.1909 22.1381 22.0768 22.0457 22.0072 21.9758 21.9579 21.9424 21.9326 21.9214 21.8878 21.8465 21.8179 21.8023 0.3883 11.86
38 27.8008 26.7944 24.8627 23.5851 22.8221 22.6393 27.4382 27.3802 27.2955 27.1780 27.0038 26.7905 26.5993 26.4224 26.2302 26.0460 25.8786 25.7474 25.6788 25.5218 25.2755 25.1378 25.0868 25.0295 24.9767 24.9010 24.8220 24.7952 24.7269 24.5555 24.4709 24.5161 24.5935 24.5362 24.3520 24.0259 23.7652 23.6958 23.6979 23.6462 23.5864 23.5092 23.3915 23.2891 23.1805 23.1006 23.0342 22.9903 0.8472 1.59
39 24.2847 23.7753 22.8002 21.7406 21.0228 20.8126 23.9200 23.8808 23.8415 23.8025 23.7631 23.7192 23.6742 23.6267 23.5782 23.5259 23.4730 23.4200 23.3663 23.3063 23.2445 23.1789 23.1127 23.0537 22.9855 22.8923 22.7957 22.7172 22.6409 22.5589 22.4760 22.3875 22.3002 22.2220 22.2023 22.1405 22.0021 21.9144 21.9010 21.8377 21.7513 21.6946 21.5546 21.4057 21.3779 21.3597 21.3016 21.2631 1.0212 14.35
40 27.4449 26.7259 25.0565 23.8939 23.1212 22.9545 27.0733 27.0376 26.9841 26.9169 26.8352 26.7209 26.5878 26.4615 26.3384 26.2001 26.0633 25.9326 25.8234 25.7576 25.6318 25.4310 25.2991 25.2395 25.1739 25.1122 25.0339 24.9495 24.8964 24.8604 24.7283 24.6004 24.5901 24.6392 24.6019 24.4827 24.2662 23.9999 23.8765 23.8719 23.8381 23.7768 23.7347 23.6468 23.5459 23.4462 23.3590 23.2967 0.8811 4.23
41 24.4031 23.8340 22.5629 21.5205 21.0346 20.8837 24.0448 23.9949 23.9420 23.8871 23.8267 23.7656 23.7046 23.6397 23.5685 23.4950 23.4186 23.3515 23.2757 23.1675 23.0602 22.9766 22.8903 22.8009 22.7065 22.6109 22.5197 22.4906 22.4182 22.2679 22.1989 22.1790 22.0869 22.0141 21.8924 21.7086 21.6571 21.6412 21.5727 21.5402 21.5280 21.4717 21.3861 21.3039 21.2451 21.2099 21.1778 21.1570 0.8273 13.57
42 25.9085 25.3691 24.1422 23.0657 22.1925 21.9229 25.5101 25.4742 25.4397 25.4065 25.3735 25.3316 25.2846 25.2305 25.1715 25.0977 25.0156 24.9351 24.8557 24.7675 24.6738 24.5817 24.4897 24.4199 24.3566 24.2398 24.0946 23.9978 23.9356 23.8652 23.7981 23.7188 23.6373 23.5622 23.5302 23.4738 23.3444 23.2451 23.2426 23.2460 23.1725 23.0843 22.9360 22.7167 22.6090 22.6012 22.5723 22.5155 1.0328 7.98
43 24.7156 23.6008 21.9547 20.9008 20.4738 20.2864 24.1466 24.0174 23.8877 23.7427 23.6022 23.4707 23.3856 23.2670 23.0593 22.9231 22.8517 22.7763 22.6949 22.5987 22.5215 22.4809 22.3411 22.2135 22.2217 22.2377 22.1358 21.9491 21.6540 21.5179 21.5071 21.4542 21.3983 21.3360 21.2247 21.1150 21.0159 20.9497 20.8909 20.8634 20.8075 20.7563 20.7485 20.7289 20.7110 20.7126 20.7044 20.7150 0.6595 5.10
44 26.0287 25.2609 23.4576 22.2884 21.4507 21.2776 25.6346 25.6118 25.5617 25.4974 25.4089 25.2948 25.1360 24.9835 24.8413 24.6910 24.5320 24.3854 24.2496 24.1668 24.0823 23.8864 23.6937 23.6139 23.5571 23.4997 23.4354 23.3549 23.2820 23.2584 23.1719 23.0130 22.9458 22.9882 23.0338 22.9533 22.7916 22.5127 22.2578 22.2071 22.2062 22.1545 22.0996 22.0401 21.9316 21.8336 21.7318 21.6517 0.8961 2.97
45 25.7672 25.1929 23.8660 22.7784 22.1091 21.9599 25.4081 25.3691 25.3215 25.2701 25.2124 25.1478 25.0711 24.9943 24.9185 24.8358 24.7462 24.6567 24.5674 24.4987 24.4225 24.2927 24.1626 24.0823 24.0078 23.9304 23.8474 23.7587 23.6710 23.6280 23.5783 23.4411 23.3388 23.3373 23.3098 23.2175 23.1247 22.9374 22.7513 22.7267 22.7052 22.6459 22.6109 22.5815 22.5055 22.4169 22.3304 22.2669 0.8943 9.53
46 27.1718 25.4387 23.7017 23.0436 22.6656 22.5123 25.9512 25.7925 25.5485 25.4312 25.3521 25.2702 25.1666 25.0822 25.0241 24.8484 24.7621 24.8146 24.7615 24.5611 24.2157 24.0484 24.0327 23.9664 23.9025 23.7874 23.6590 23.5381 23.4535 23.3925 23.3540 23.2801 23.2473 23.2351 23.2102 23.2122 23.2050 23.2128 23.1226 23.0420 22.9931 22.9777 22.9379 22.8981 22.8717 22.8491 22.8377 22.8330 0.4616 3.88
47 27.0840 26.5145 25.2074 24.1257 23.4796 23.3331 26.7271 26.6865 26.6382 26.5864 26.5294 26.4647 26.3908 26.3175 26.2446 26.1634 26.0776 25.9906 25.9058 25.8403 25.7570 25.6256 25.5072 25.4310 25.3533 25.2743 25.1880 25.0982 25.0127 24.9788 24.9141 24.7705 24.6881 24.6918 24.6395 24.5481 24.4457 24.2463 24.1024 24.0917 24.0565 23.9979 23.9726 23.9356 23.8547 23.7657 23.6844 23.6292 0.8885 10.17
48 27.5983 26.6456 25.1098 24.3734 24.0229 23.8834 27.0391 26.9465 26.8506 26.7602 26.6794 26.5528 26.4153 26.3192 26.2223 26.1212 26.0130 25.9062 25.8583 25.7656 25.6077 25.5679 25.5178 25.4146 25.2801 25.0608 24.9980 24.9654 24.8997 24.8736 24.8175 24.7155 24.6179 24.5536 24.5084 24.4770 24.4382 24.3949 24.3844 24.3676 24.3411 24.3362 24.3310 24.3305 24.2837 24.2364 24.1836 24.1463 0.5787 11.64
49 26.1699 24.9214 23.2768 22.4033 22.0061 21.8471 25.4295 25.2890 25.1523 25.0379 24.9517 24.7761 24.5947 24.5064 24.4243 24.3397 24.2390 24.1475 24.1039 23.9729 23.8353 23.8377 23.8319 23.7177 23.5057 23.2294 23.1488 23.1288 23.0618 23.0147 22.9241 22.8089 22.6984 22.6208 22.5604 22.5256 22.4763 22.4208 22.4088 22.3893 22.3705 22.3704 22.3641 22.3696 22.3030 22.2287 22.1745 22.1537 0.5782 6.01
50 24.5094 24.3360 23.7679 22.8637 21.9777 21.6253 24.4620 24.4741 24.4384 24.3623 24.3077 24.2583 24.2153 24.1761 24.1389 24.1060 24.0744 24.0432 24.0123 23.9824 23.9556 23.9302 23.9057 23.8823 23.8591 23.8277 23.7907 23.7519 23.7049 23.6560 23.5971 23.5222 23.4501 23.3804 23.3098 23.2373 23.1555 23.0778 22.9909 22.9157 22.8452 22.7975 22.7496 22.6601 22.5307 22.4175 22.3518 22.3092 1.6195 6.53
51 24.4402 23.0900 21.4176 20.5338 20.1325 19.9708 23.6224 23.4697 23.3238 23.2150 23.1156 22.9088 22.7420 22.6635 22.5841 22.4986 22.3972 22.3223 22.2687 22.1076 22.0085 22.0426 22.0121 21.8735 21.5988 21.3550 21.3134 21.2809 21.2139 21.1560 21.0459 20.9280 20.8218 20.7497 20.6932 20.6606 20.5975 20.5546 20.5468 20.5211 20.5147 20.5100 20.5118 20.4988 20.4117 20.3430 20.3003 20.2859 0.5713 5.05
52 25.5684 24.9912 23.6278 22.5243 21.7655 21.5993 25.1955 25.1612 25.1229 25.0747 25.0214 24.9604 24.8883 24.8016 24.7158 24.6317 24.5393 24.4401 24.3424 24.2464 24.1762 24.1015 23.9637 23.8204 23.7381 23.6696 23.5970 23.5210 23.4359 23.3500 23.3011 23.2598 23.1342 23.0183 23.0041 23.0117 22.9359 22.8463 22.6538 22.4477 22.3680 22.3611 22.3166 22.2635 22.2363 22.1735 22.0860 21.9953 0.9285 7.91
53 27.3877 26.7466 25.0466 23.9283 22.9625 22.7110 26.9343 26.9100 26.8891 26.8679 26.8246 26.7694 26.6939 26.6052 26.4735 26.3327 26.2006 26.0726 25.9291 25.7880 25.6553 25.5380 25.4715 25.3776 25.1852 25.0133 24.9415 24.8860 24.8294 24.7685 24.6929 24.6153 24.5833 24.5360 24.3903 24.2802 24.2806 24.3377 24.3163 24.2100 24.0171 23.7297 23.5650 23.5397 23.5323 23.4751 23.4276 23.3695 0.9879 3.40
54 26.0014 23.7054 21.8539 21.1448 20.7457 20.5889 24.2525 24.0614 23.7662 23.6486 23.5828 23.5161 23.4197 23.3526 23.2862 23.0847 23.0320 23.1334 23.1077 22.8425 22.4275 22.2408 22.2320 22.1663 22.0853 21.9450 21.8083 21.6786 21.5843 21.5173 21.4753 21.3930 21.3574 21.3446 21.3223 21.3284 21.3208 21.3312 21.2256 21.1321 21.0893 21.0781 21.0352 20.9936 20.9641 20.9390 20.9279 20.9241 0.4611 1.04
55 28.5297 26.3031 24.4587 23.7713 23.3743 23.2192 26.8483 26.6166 26.3510 26.2607 26.1934 26.1197 26.0194 25.9688 25.8633 25.6742 25.6708 25.7662 25.6737 25.3535 24.9732 24.8621 24.8496 24.7716 24.6798 24.5343 24.3993 24.2805 24.1933 24.1401 24.0870 24.0089 23.9922 23.9692 23.9616 23.9591 23.9628 23.9461 23.8225 23.7461 23.7246 23.7012 23.6548 23.6194 23.5911 23.5705 23.5649 23.5526 0.4543 1.28
56 25.3082 24.6931 23.0372 21.9343 20.9392 20.6473 24.8434 24.8155 24.7919 24.7717 24.7469 24.6997 24.6428 24.5657 24.4742 24.3408 24.2058 24.0785 23.9531 23.8121 23.6757 23.5463 23.4341 23.3708 23.2759 23.0862 22.9180 22.8469 22.7923 22.7356 22.6774 22.6012 22.5247 22.4873 22.4498 22.3157 22.1941 22.1739 22.2349 22.2366 22.1388 21.9779 21.7035 21.4971 21.4446 21.4447 21.4009 21.3452 1.0193 3.50
57 25.6022 25.0721 23.9178 22.8433 22.0847 21.8808 25.2290 25.1911 25.1540 25.1168 25.0728 25.0258 24.9740 24.9192 24.8545 24.7870 24.7199 24.6523 24.5758 24.4973 24.4166 24.3387 24.2774 24.2007 24.0812 23.9663 23.8901 23.8172 23.7407 23.6604 23.5759 23.4873 23.4283 23.4038 23.3015 23.1686 23.1249 23.1267 23.0470 22.9714 22.8679 22.6679 22.5506 22.5405 22.5079 22.4507 22.4234 22.3990 0.9868 10.71
58 27.0020 26.4229 25.1060 23.6257 22.7180 22.1309 26.6277 26.5526 26.4763 26.4062 26.3416 26.2813 26.2293 26.1830 26.1650 26.1599 26.1598 26.1655 26.1587 26.1119 26.0549 25.9618 25.8556 25.7004 25.5029 25.3250 25.1642 25.0145 24.8501 24.6879 24.5442 24.4048 24.2984 24.2479 24.1698 23.9876 23.7839 23.6733 23.6334 23.5907 23.5517 23.5121 23.4536 23.3895 23.3413 23.3381 23.2767 23.1305 1.3487 1.03
59 22.4168 20.6742 19.1528 18.6372 18.3150 18.1819 21.1133 21.0065 20.8974 20.8353 20.6614 20.5645 20.6046 20.5074 20.2370 19.9186 19.8531 19.8034 19.7317 19.6235 19.4834 19.3549 19.2669 19.2106 19.1561 19.0885 19.0745 19.0468 19.0427 19.0361 19.0384 18.9504 18.8643 18.8230 18.7975 18.7500 18.7166 18.6918 18.6749 18.6694 18.6332 18.5674 18.5235 18.5076 18.5092 18.5109 18.4896 18.4497 0.3260 4.53
60 25.5425 24.6623 23.1334 22.2964 21.9286 21.7797 25.0334 24.9519 24.8601 24.7653 24.6688 24.5897 24.4935 24.3484 24.2317 24.1435 24.0495 23.9500 23.8449 23.7517 23.7138 23.5943 23.4543 23.4349 23.3785 23.2782 23.1348 22.9155 22.8535 22.8253 22.7604 22.7308 22.6798 22.5854 22.4842 22.4116 22.3650 22.3297 22.2956 22.2471 22.2287 22.2192 22.1930 22.1791 22.1765 22.1748 22.1595 22.1011 0.6281 10.98
61 24.8378 24.6332 24.0627 23.2402 22.4048 22.0007 24.8074 24.7689 24.6873 24.6355 24.5875 24.5484 24.5121 24.4790 24.4494 24.4205 24.3909 24.3615 24.3324 24.3032 24.2748 24.2468 24.2195 24.1895 24.1534 24.1167 24.0754 24.0318 23.9847 23.9271 23.8697 23.8112 23.7545 23.6972 23.6295 23.5624 23.4961 23.4300 23.3606 23.3165 23.2661 23.1831 23.0749 22.9795 22.9165 22.8660 22.8076 22.7511 1.5525 9.37
62 23.4582 22.3544 20.7771 20.0729 19.7197 19.5781 22.7876 22.6783 22.5816 22.4938 22.3423 22.1980 22.1056 22.0099 21.9088 21.7991 21.7066 21.6606 21.5176 21.3986 21.3939 21.3135 21.2007 20.9780 20.8059 20.7841 20.7255 20.6759 20.6329 20.5349 20.4274 20.3406 20.2864 20.2469 20.2118 20.1566 20.1396 20.1275 20.0982 20.0932 20.0877 20.0902 20.0434 19.9836 19.9287 19.8946 19.8697 19.8325 0.5421 9.77
63 26.7076 26.1718 24.9758 23.8976 23.0765 22.8390 26.3217 26.2851 26.2495 26.2149 26.1770 26.1311 26.0817 26.0262 25.9642 25.8895 25.8148 25.7410 25.6637 25.5770 25.4908 25.4027 25.3258 25.2663 25.1731 25.0365 24.9254 24.8575 24.7861 24.7144 24.6371 24.5524 24.4695 24.4249 24.3882 24.2706 24.1509 24.1254 24.1305 24.0627 23.9781 23.8535 23.6419 23.5241 23.5133 23.4845 23.4277 23.3969 1.0106 9.11
64 27.4107 26.4046 24.8187 23.8855 23.4857 23.3216 26.8533 26.7515 26.6371 26.5194 26.4027 26.3125 26.2200 26.0498 25.9050 25.8231 25.7381 25.6498 25.5494 25.4565 25.4149 25.3037 25.1574 25.1358 25.1290 25.0277 24.8778 24.6167 24.4959 24.4815 24.4231 24.3744 24.3212 24.2224 24.1139 24.0236 23.9641 23.9191 23.8868 23.8328 23.7958 23.7895 23.7659 23.7507 23.7490 23.7445 23.7456 23.6826 0.6345 7.69
65 25.4624 24.8051 23.3903 22.4280 22.0334 21.8621 25.0668 25.0061 24.9395 24.8728 24.8055 24.7302 24.6518 24.5691 24.4935 24.4199 24.3102 24.1902 24.0999 24.0112 23.9185 23.8201 23.7197 23.6319 23.6029 23.4988 23.3528 23.3166 23.2721 23.1728 23.0898 22.8963 22.7744 22.7626 22.7078 22.6567 22.6419 22.5934 22.4943 22.4113 22.3487 22.3098 22.2764 22.2533 22.2078 22.1842 22.1778 22.1594 0.7386 12.93
66 26.9710 26.3354 24.5170 23.4175 22.3385 21.9787 26.4506 26.4092 26.3883 26.3728 26.3622 26.3454 26.2976 26.2370 26.1479 26.0422 25.8802 25.7149 25.5630 25.4189 25.2591 25.1028 24.9594 24.8291 24.7541 24.6810 24.5003 24.2948 24.1940 24.1487 24.0943 24.0464 23.9809 23.9076 23.8510 23.8369 23.7393 23.5931 23.5215 23.5583 23.6275 23.5973 23.4710 23.2460 22.9464 22.7882 22.7646 22.7635 1.0610 2.19
67 26.4581 25.9324 24.8053 23.7433 22.8457 22.5419 26.0599 26.0236 25.9882 25.9537 25.9204 25.8873 25.8463 25.8007 25.7491 25.6933 25.6258 25.5494 25.4742 25.4002 25.3199 25.2321 25.1456 25.0575 24.9835 24.9261 24.8328 24.6956 24.5832 24.5169 24.4501 24.3806 24.3079 24.2294 24.1469 24.0904 24.0665 23.9792 23.8359 23.7833 23.7984 23.7683 23.6823 23.5964 23.4153 23.2239 23.1650 23.1600 1.0748 8.59
68 29.4768 27.0622 25.2014 24.3736 23.9609 23.8071 27.5997 27.4714 27.3178 27.0056 26.8497 26.7886 26.7295 26.6460 26.5598 26.5300 26.3522 26.2178 26.2827 26.3695 26.2175 25.8351 25.4858 25.4126 25.3990 25.3179 25.2202 25.0726 24.9401 24.8207 24.7332 24.6761 24.6282 24.5480 24.5217 24.5047 24.4876 24.4948 24.4880 24.4959 24.3990 24.2961 24.2515 24.2444 24.2031 24.1600 24.1308 24.1044 0.4996 0.65
69 27.2614 26.5654 24.5743 23.4628 22.3851 22.0579 26.7027 26.6783 26.6667 26.6611 26.6562 26.6163 26.5559 26.4631 26.3506 26.1759 25.9821 25.8077 25.6472 25.4741 25.3007 25.1446 25.0014 24.9158 24.8470 24.6649 24.4432 24.3321 24.2883 24.2345 24.1901 24.1243 24.0496 23.9987 23.9849 23.8719 23.7200 23.6668 23.7245 23.7942 23.7516 23.6041 23.3384 23.0440 22.9077 22.8973 22.8892 22.8273 1.0316 1.57
70 26.7332 25.2729 23.6360 23.0614 22.7059 22.5601 25.7596 25.5667 25.4052 25.3144 25.2209 25.1160 25.0049 24.9444 24.8317 24.6745 24.6648 24.6342 24.5021 24.2407 24.0214 23.9915 23.9334 23.8773 23.8004 23.6804 23.5618 23.4785 23.4193 23.3832 23.3220 23.2824 23.2721 23.2448 23.2399 23.2333 23.2377 23.1784 23.0961 23.0435 23.0219 22.9853 22.9470 22.9239 22.9034 22.8922 22.8859 22.8543 0.4443 6.91
71 26.3355 25.8132 24.7099 23.6558 22.7419 22.4273 25.9371 25.9007 25.8652 25.8307 25.7972 25.7647 25.7275 25.6828 25.6347 25.5801 25.5195 25.4450 25.3700 25.2961 25.2208 25.1350 25.0489 24.9622 24.8794 24.8191 24.7496 24.6278 24.4961 24.4125 24.3512 24.2803 24.2126 24.1366 24.0551 23.9793 23.9481 23.9048 23.7694 23.6693 23.6537 23.6630 23.5995 23.5157 23.4012 23.1923 23.0519 23.0308 1.0896 8.61
72 25.0328 24.5149 23.4246 22.3641 21.7378 21.5936 24.6779 24.6372 24.5958 24.5499 24.5027 24.4531 24.4021 24.3474 24.2926 24.2378 24.1800 24.1166 24.0513 23.9816 23.9171 23.8528 23.7651 23.6628 23.5759 23.4972 23.4121 23.3250 23.2343 23.1426 23.0607 23.0396 22.9680 22.8254 22.7488 22.7327 22.6492 22.5741 22.4873 22.3223 22.2220 22.2159 22.1701 22.1149 22.0986 22.0823 22.0196 21.9375 0.9362 14.49
73 25.3124 25.1824 24.6737 24.0246 23.1641 22.7831 25.2938 25.2633 25.2275 25.2620 25.2272 25.1674 25.1036 25.0563 25.0130 24.9769 24.9425 24.9110 24.8827 24.8551 24.8271 24.7991 24.7718 24.7452 24.7191 24.6937 24.6689 24.6446 24.6156 24.5813 24.5472 24.5069 24.4650 24.4215 24.3645 24.3061 24.2488 24.1942 24.1322 24.0739 24.0065 23.9402 23.8748 23.8075 23.7463 23.7023 23.6577 23.5830 1.7515 8.44
74 27.4640 26.3784 24.7762 23.8729 23.4718 23.3154 26.8497 26.7344 26.6101 26.4874 26.3838 26.3003 26.1392 25.9716 25.8828 25.7986 25.7122 25.6123 25.5151 25.4692 25.3666 25.2139 25.1842 25.1866 25.0874 24.9331 24.6636 24.5372 24.5225 24.4624 24.4144 24.3536 24.2491 24.1420 24.0510 23.9908 23.9465 23.9172 23.8510 23.8249 23.8175 23.7909 23.7823 23.7782 23.7788 23.7654 23.6911 23.6327 0.6099 7.26
75 27.3173 25.9369 24.3022 23.6665 23.3115 23.1634 26.4024 26.3084 26.1280 25.9624 25.8715 25.7795 25.6789 25.5680 25.4958 25.4165 25.2484 25.1971 25.1981 25.0900 24.8971 24.6222 24.5447 24.5130 24.4452 24.3960 24.2921 24.1736 24.0717 24.0042 23.9574 23.9176 23.8550 23.8358 23.8192 23.7959 23.7939 23.7884 23.7839 23.7131 23.6468 23.5953 23.5760 23.5384 23.5017 23.4798 23.4607 23.4500 0.4787 7.23
76 26.1407 25.4383 23.9862 23.0769 22.7044 22.5384 25.7228 25.6553 25.5873 25.5189 25.4426 25.3627 25.2785 25.2017 25.1257 25.0121 24.8915 24.8011 24.7097 24.6147 24.5138 24.4106 24.3330 24.2997 24.1693 24.0422 24.0231 23.9512 23.8599 23.7450 23.5457 23.4779 23.4558 23.3917 23.3589 23.3350 23.2585 23.1678 23.0807 23.0367 22.9996 22.9737 22.9375 22.8990 22.8905 22.8774 22.8505 22.8382 0.7048 12.94
77 25.2428 24.9457 24.3572 23.5743 22.7086 22.2837 25.0745 25.0183 24.9687 24.9296 24.8946 24.8628 24.8347 24.8071 24.7779 24.7489 24.7181 24.6858 24.6540 24.6224 24.5912 24.5562 24.5191 24.4812 24.4407 24.3998 24.3546 24.3076 24.2608 24.2139 24.1672 24.1132 24.0587 24.0042 23.9442 23.8878 23.8397 23.7895 23.7068 23.6226 23.5427 23.4807 23.4203 23.3548 23.2883 23.2185 23.1481 23.0765 1.4520 13.09
78 27.0602 26.0861 24.5517 23.8588 23.5180 23.3803 26.4843 26.3919 26.2965 26.2152 26.1143 25.9722 25.8600 25.7646 25.6633 25.5553 25.4437 25.3674 25.3143 25.1555 25.0675 25.0420 24.9377 24.8334 24.6173 24.5054 24.4841 24.4164 24.3822 24.3419 24.2481 24.1444 24.0719 24.0270 23.9914 23.9575 23.9101 23.8980 23.8815 23.8551 23.8473 23.8427 23.8424 23.8016 23.7528 23.7013 23.6599 23.6373 0.5611 12.05
79 26.1383 25.0529 23.4408 22.4836 22.0726 21.9071 25.5410 25.4273 25.2991 25.1709 25.0472 24.9600 24.8514 24.6610 24.5259 24.4485 24.3668 24.2786 24.1785 24.0981 24.0543 23.9140 23.7911 23.8000 23.7819 23.6703 23.4741 23.2074 23.1224 23.1057 23.0420 22.9967 22.9219 22.8162 22.7054 22.6207 22.5611 22.5201 22.4817 22.4231 22.3970 22.3890 22.3623 22.3566 22.3514 22.3535 22.3396 22.2623 0.6290 6.55
80 26.8803 26.2203 24.5285 23.3927 22.4740 22.2674 26.4521 26.4288 26.4075 26.3687 26.3148 26.2436 26.1588 26.0359 25.8964 25.7652 25.6390 25.4980 25.3571 25.2246 25.1064 25.0381 24.9427 24.7496 24.5811 24.5111 24.4529 24.3953 24.3307 24.2515 24.1773 24.1489 24.0822 23.9356 23.8411 23.8606 23.9111 23.8651 23.7257 23.5028 23.2331 23.1213 23.1159 23.0901 23.0273 22.9858 22.9055 22.8053 0.9552 3.63
81 25.3458 24.5237 22.9915 22.0124 21.6129 21.4336 24.8997 24.8114 24.7243 24.6341 24.5328 24.4309 24.3305 24.2542 24.1541 23.9978 23.8784 23.7977 23.7112 23.6208 23.5218 23.4274 23.3865 23.2958 23.1447 23.0984 23.0931 23.0003 22.8920 22.6697 22.5055 22.4850 22.4410 22.3838 22.3541 22.2806 22.1821 22.0882 22.0130 21.9677 21.9327 21.9014 21.8475 21.8264 21.8188 21.7936 21.7802 21.7782 0.6916 9.26
82 27.4267 25.5332 23.7559 23.0615 22.6747 22.5196 26.0513 25.9141 25.6476 25.4993 25.4259 25.3517 25.2563 25.1644 25.1189 24.9523 24.8323 24.8839 24.8906 24.7151 24.3597 24.1111 24.0826 24.0344 23.9633 23.8575 23.7242 23.5951 23.4975 23.4244 23.3852 23.3172 23.2624 23.2542 23.2259 23.2267 23.2181 23.2288 23.1699 23.0739 23.0087 22.9923 22.9612 22.9170 22.8861 22.8606 22.8440 22.8399 0.4681 2.76
83 26.8935 26.2312 24.5386 23.4016 22.4872 22.2837 26.4672 26.4440 26.4224 26.3818 26.3273 26.2545 26.1684 26.0423 25.9035 25.7728 25.6462 25.5041 25.3640 25.2317 25.1167 25.0510 24.9471 24.7495 24.5897 24.5247 24.4652 24.4083 24.3416 24.2617 24.1901 24.1649 24.0869 23.9394 23.8564 23.8848 23.9296 23.8715 23.7248 23.4878 23.2298 23.1362 23.1341 23.1015 23.0399 22.9978 22.9112 22.8125 0.9524 3.64
84 28.5918 27.0207 25.1580 23.8612 23.3516 23.1341 28.0442 27.7702 27.5201 27.3004 27.0708 26.8512 26.6569 26.5190 26.4373 26.2112 25.9594 25.8697 25.8140 25.7625 25.6908 25.6048 25.5715 25.5002 25.3122 25.2421 25.3169 25.3906 25.2740 24.9886 24.6228 24.4565 24.4513 24.4168 24.3439 24.2600 24.1291 24.0204 23.8942 23.8163 23.7463 23.7103 23.6620 23.5895 23.5654 23.5575 23.5302 23.5391 0.7091 0.88
85 25.2979 24.8251 23.8652 22.7402 21.8264 21.3753 24.9319 24.8887 24.8502 24.8128 24.7761 24.7407 24.7098 24.6814 24.6545 24.6289 24.5977 24.5552 24.5094 24.4530 24.3924 24.3101 24.2200 24.1326 24.0477 23.9582 23.8581 23.7611 23.6657 23.5755 23.5160 23.4564 23.3387 23.1886 23.0786 23.0247 22.9678 22.9129 22.8483 22.7825 22.7101 22.6476 22.6257 22.5758 22.4551 22.3486 22.3232 22.3557 1.2592 5.97
86 26.5787 25.9526 24.5750 23.6289 23.2454 23.0782 26.1881 26.1316 26.0708 26.0097 25.9484 25.8812 25.8098 25.7340 25.6593 25.5895 25.4958 25.3826 25.2877 25.1989 25.1042 25.0055 24.9051 24.8045 24.7661 24.7012 24.5459 24.4721 24.4426 24.3421 24.2715 24.1235 23.9629 23.9398 23.8994 23.8382 23.8209 23.7968 23.7096 23.6255 23.5551 23.5146 23.4813 23.4579 23.4225 23.3889 23.3818 23.3694 0.7462 14.38
87 26.0135 23.9592 22.1440 21.3276 20.9214 20.7695 24.4843 24.3463 24.2267 23.9493 23.7634 23.6955 23.6292 23.5481 23.4518 23.4126 23.2849 23.1147 23.1253 23.2095 23.1122 22.8149 22.4442 22.3224 22.3145 22.2425 22.1657 22.0305 21.9006 21.7763 21.6879 21.6217 21.5831 21.5080 21.4641 21.4553 21.4284 21.4347 21.4236 21.4379 21.3774 21.2704 21.2062 21.1941 21.1636 21.1188 21.0874 21.0609 0.5055 1.62
88 26.2731 25.6942 24.3417 23.2453 22.5353 22.3801 25.9087 25.8726 25.8277 25.7776 25.7202 25.6573 25.5785 25.4963 25.4154 25.3320 25.2379 25.1440 25.0487 24.9685 24.9038 24.7915 24.6436 24.5423 24.4735 24.3977 24.3220 24.2363 24.1482 24.0812 24.0528 23.9468 23.8126 23.7724 23.7841 23.7177 23.6268 23.4930 23.2467 23.1573 23.1495 23.1080 23.0527 23.0273 22.9724 22.8860 22.7959 22.7149 0.9075 8.63
89 28.4196 26.9044 25.2208 24.5472 24.1786 24.0286 27.3802 27.2865 27.0945 26.9057 26.8165 26.7310 26.6379 26.5298 26.4589 26.3805 26.2085 26.1557 26.1833 26.0868 25.8829 25.5758 25.4692 25.4477 25.3778 25.3221 25.2127 25.0907 24.9797 24.9041 24.8508 24.8122 24.7441 24.7169 24.7035 24.6788 24.6786 24.6712 24.6750 24.6041 24.5252 24.4721 24.4545 24.4184 24.3783 24.3537 24.3323 24.3197 0.4814 5.51
90 25.0068 23.2744 21.5166 20.5878 20.1706 20.0034 23.8807 23.6884 23.5182 23.4200 23.2622 23.0018 22.8738 22.8064 22.7390 22.6525 22.5596 22.5217 22.3966 22.2339 22.2333 22.3043 22.2208 21.9777 21.6193 21.4648 21.4563 21.3974 21.3317 21.2232 21.0981 20.9724 20.8770 20.8045 20.7616 20.7099 20.6403 20.6241 20.6031 20.5888 20.5927 20.5849 20.5955 20.5192 20.4235 20.3682 20.3573 20.3263 0.5594 2.44
91 27.4888 26.7360 24.5722 23.3948 22.2279 21.7169 26.8331 26.7446 26.6707 26.6060 26.5777 26.5862 26.6031 26.6317 26.6415 26.5848 26.5056 26.3661 26.2074 25.9509 25.6927 25.4724 25.2791 25.0825 24.8815 24.7049 24.5429 24.4175 24.3650 24.2644 24.0381 23.8217 23.7409 23.7088 23.6612 23.6282 23.5730 23.5099 23.4490 23.4520 23.3833 23.2126 23.1127 23.1286 23.2172 23.2992 23.2330 23.0632 1.1817 0.25
92 26.6379 24.5966 22.7924 21.6906 21.2271 21.0496 25.4089 25.1577 24.9206 24.7142 24.5876 24.4707 24.1838 23.9839 23.9236 23.8647 23.8016 23.7108 23.6563 23.6050 23.4091 23.3255 23.4077 23.4758 23.3253 22.9758 22.6239 22.5243 22.5248 22.4549 22.3831 22.2492 22.1235 21.9999 21.9020 21.8247 21.7840 21.7346 21.6531 21.6375 21.6219 21.6023 21.6115 21.5993 21.6174 21.5569 21.4492 21.3795 0.6021 0.74
93 25.7088 24.1409 22.4629 21.8866 21.5222 21.3794 24.6127 24.3899 24.2582 24.1713 24.0805 23.9720 23.8760 23.8196 23.6555 23.5547 23.5841 23.5094 23.3231 23.0079 22.8758 22.8538 22.7831 22.7250 22.6122 22.4864 22.3762 22.3017 22.2519 22.2066 22.1409 22.1238 22.1020 22.0863 22.0831 22.0842 22.0614 21.9741 21.8998 21.8702 21.8447 21.8013 21.7712 21.7483 21.7316 21.7258 21.7081 21.6541 0.4343 5.66
94 26.7508 25.8238 24.2286 23.1688 22.7401 22.5487 26.2899 26.1789 26.0707 25.9611 25.8375 25.7156 25.5978 25.5152 25.4141 25.2326 25.0932 25.0181 24.9388 24.8574 24.7625 24.6717 24.6308 24.5362 24.3843 24.3394 24.3627 24.2897 24.1655 23.9208 23.7137 23.6779 23.6495 23.5866 23.5468 23.4657 23.3626 23.2620 23.1747 23.1212 23.0800 23.0496 22.9903 22.9579 22.9524 22.9280 22.9156 22.9147 0.6950 6.65
95 26.5300 24.6445 22.8186 21.5881 21.1131 20.9063 25.6102 25.3477 25.1068 24.8558 24.6350 24.4475 24.3541 24.1961 23.9023 23.7501 23.6970 23.6425 23.5790 23.4905 23.4423 23.3939 23.1994 23.1093 23.1822 23.2732 23.1571 22.8518 22.4678 22.3113 22.3104 22.2635 22.1919 22.0913 21.9548 21.8349 21.7239 21.6449 21.5766 21.5468 21.4775 21.4181 21.4124 21.3882 21.3803 21.3854 21.3756 21.3939 0.6580 0.58
96 25.8175 25.2563 23.9667 22.8808 22.1944 22.0427 25.4560 25.4186 25.3743 25.3253 25.2707 25.2120 25.1412 25.0667 24.9929 24.9176 24.8324 24.7462 24.6577 24.5790 24.5155 24.4157 24.2787 24.1751 24.1038 24.0257 23.9477 23.8610 23.7721 23.6957 23.6690 23.5816 23.4417 23.3815 23.3877 23.3244 23.2363 23.1291 22.8947 22.7914 22.7819 22.7435 22.6868 22.6625 22.6213 22.5405 22.4526 22.3712 0.9107 9.88
97 28.3659 27.2254 25.2724 23.9380 23.2180 23.0202 28.0091 27.9356 27.8168 27.6607 27.4241 27.1999 27.0019 26.8022 26.5957 26.4123 26.2512 26.1649 26.0554 25.8073 25.6113 25.5487 25.4932 25.4445 25.3758 25.2938 25.2522 25.2132 25.0455 24.9284 24.9532 25.0487 25.0293 24.8640 24.5406 24.2377 24.1384 24.1422 24.0936 24.0332 23.9594 23.8364 23.7316 23.6219 23.5361 23.4666 23.4201 23.3911 0.8266 1.12
98 27.4568 26.2223 24.6002 23.8792 23.5145 23.3710 26.6772 26.5554 26.4649 26.3457 26.1598 26.0394 25.9519 25.8603 25.7568 25.6503 25.5931 25.4982 25.3381 25.3046 25.2922 25.1828 25.0004 24.7385 24.6628 24.6344 24.5672 24.5257 24.4358 24.3223 24.2185 24.1478 24.0967 24.0654 24.0065 23.9701 23.9621 23.9361 23.9256 23.9204 23.9233 23.8944 23.8191 23.7630 23.7214 23.7008 23.6624 23.6314 0.5287 7.82
99 23.0209 21.4724 20.4496 20.0605 19.7755 19.6535 21.9256 21.8020 21.7437 21.6114 21.3701 21.2286 21.1784 21.1127 21.0575 20.9323 20.8161 20.7480 20.7036 20.6491 20.6142 20.5958 20.5665 20.5602 20.5567 20.5048 20.4435 20.3807 20.3487 20.3058 20.2821 20.2639 20.2530 20.2352 20.1892 20.1482 20.1258 20.1161 20.1046 20.0802 20.0453 20.0105 19.9876 19.9722 19.9491 19.9249 19.9026 19.8843 0.2134 11.58
100 25.5718 25.0316 23.8256 22.7445 22.0414 21.8819 25.2081 25.1700 25.1310 25.0851 25.0364 24.9828 24.9253 24.8581 24.7901 24.7225 24.6516 24.5725 24.4928 24.4101 24.3385 24.2747 24.1743 24.0477 23.9528 23.8808 23.8017 23.7222 23.6353 23.5465 23.4694 23.4433 23.3651 23.2272 23.1550 23.1567 23.0950 23.0104 22.9031 22.7156 22.5857 22.5728 22.5405 22.4826 22.4551 22.4285 22.3583 22.2730 0.9388 10.91
