#Fields:
#1:ID
#2:m_obs up.res
#3:err_m_obs up.res
#4:m_obs g.res
#5:err_m_obs g.res
#6:m_obs r.res
#7:err_m_obs r.res
#8:m_obs i.res
#9:err_m_obs i.res
#10:m_obs z.res
#11:err_m_obs z.res
#12:m_obs y.res
#13:err_m_obs y.res
#14:m_obs 4400.res
#15:err_m_obs 4400.res
#16:m_obs 4500.res
#17:err_m_obs 4500.res
#18:m_obs 4600.res
#19:err_m_obs 4600.res
#20:m_obs 4700.res
#21:err_m_obs 4700.res
#22:m_obs 4800.res
#23:err_m_obs 4800.res
#24:m_obs 4900.res
#25:err_m_obs 4900.res
#26:m_obs 5000.res
#27:err_m_obs 5000.res
#28:m_obs 5100.res
#29:err_m_obs 5100.res
#30:m_obs 5200.res
#31:err_m_obs 5200.res
#32:m_obs 5300.res
#33:err_m_obs 5300.res
#34:m_obs 5400.res
#35:err_m_obs 5400.res
#36:m_obs 5500.res
#37:err_m_obs 5500.res
#38:m_obs 5600.res
#39:err_m_obs 5600.res
#40:m_obs 5700.res
#41:err_m_obs 5700.res
#42:m_obs 5800.res
#43:err_m_obs 5800.res
#44:m_obs 5900.res
#45:err_m_obs 5900.res
#46:m_obs 6000.res
#47:err_m_obs 6000.res
#48:m_obs 6100.res
#49:err_m_obs 6100.res
#50:m_obs 6200.res
#51:err_m_obs 6200.res
#52:m_obs 6300.res
#53:err_m_obs 6300.res
#54:m_obs 6400.res
#55:err_m_obs 6400.res
#56:m_obs 6500.res
#57:err_m_obs 6500.res
#58:m_obs 6600.res
#59:err_m_obs 6600.res
#60:m_obs 6700.res
#61:err_m_obs 6700.res
#62:m_obs 6800.res
#63:err_m_obs 6800.res
#64:m_obs 6900.res
#65:err_m_obs 6900.res
#66:m_obs 7000.res
#67:err_m_obs 7000.res
#68:m_obs 7100.res
#69:err_m_obs 7100.res
#70:m_obs 7200.res
#71:err_m_obs 7200.res
#72:m_obs 7300.res
#73:err_m_obs 7300.res
#74:m_obs 7400.res
#75:err_m_obs 7400.res
#76:m_obs 7500.res
#77:err_m_obs 7500.res
#78:m_obs 7600.res
#79:err_m_obs 7600.res
#80:m_obs 7700.res
#81:err_m_obs 7700.res
#82:m_obs 7800.res
#83:err_m_obs 7800.res
#84:m_obs 7900.res
#85:err_m_obs 7900.res
#86:m_obs 8000.res
#87:err_m_obs 8000.res
#88:m_obs 8100.res
#89:err_m_obs 8100.res
#90:m_obs 8200.res
#91:err_m_obs 8200.res
#92:m_obs 8300.res
#93:err_m_obs 8300.res
#94:m_obs 8400.res
#95:err_m_obs 8400.res
#96:m_obs 8500.res
#97:err_m_obs 8500.res
#98:z_true
#99:m_obs prior
#100:template
#101:E(B-V)
#102:Mr
0  23.1017 0.1290 21.9452 0.0360 20.5149 0.0240 19.5162 0.0223 19.1575 0.0227 18.9306 0.0247 22.3321 0.1020 21.9729 0.0963 22.2089 0.0909 22.1632 0.0861 21.9361 0.0812 21.9624 0.0762 21.7627 0.0716 21.6319 0.0678 21.6179 0.0646 21.5523 0.0599 21.5006 0.0545 21.2817 0.0625 21.2236 0.0501 21.1275 0.0464 21.1175 0.0475 20.9402 0.0446 20.8723 0.0392 20.8190 0.0382 20.6543 0.0502 20.5424 0.0481 20.4891 0.0331 20.5113 0.0319 20.4305 0.0310 20.3250 0.0302 20.1374 0.0294 19.9450 0.0276 19.9190 0.0271 19.9296 0.0272 19.8361 0.0263 19.7794 0.0265 19.7980 0.0260 19.6499 0.0263 19.5827 0.0263 19.5060 0.0256 19.4680 0.0260 19.3917 0.0247 19.3848 0.0247 19.3486 0.0247 19.3149 0.0253 19.2921 0.0252 19.2564 0.0248 19.2807 0.0248 0.7230 11.46
1  24.9866 0.5673 23.7936 0.1710 22.7488 0.0801 21.7962 0.0433 21.0412 0.0461 21.0249 0.0745 23.6805 0.4767 24.1741 0.4626 24.5099 0.4484 24.3157 0.4338 24.2164 0.4185 24.2033 0.4028 23.7854 0.3864 22.7612 0.3726 23.5563 0.3569 23.7334 0.3363 23.4097 0.3184 23.4707 0.3862 23.2603 0.2998 23.1366 0.2755 23.5714 0.2937 23.4412 0.2752 23.3830 0.2245 23.1926 0.2074 22.9360 0.3037 22.3454 0.3073 22.5371 0.1705 22.9113 0.1498 22.7292 0.1406 22.4145 0.1343 22.3561 0.1415 22.5054 0.1332 22.1287 0.1169 22.2775 0.1121 22.4631 0.1077 22.2558 0.1098 22.0506 0.0984 22.1588 0.1026 21.9059 0.0946 21.5486 0.0850 21.7676 0.0933 21.5786 0.0771 21.4677 0.0753 21.5924 0.0756 21.5418 0.0865 21.5164 0.0806 21.4481 0.0707 21.2072 0.0690 0.9150 12.12
2  21.7096 0.0598 20.2523 0.0228 19.1902 0.0219 18.8370 0.0218 18.5340 0.0220 18.4082 0.0228 20.6935 0.0352 20.5594 0.0336 20.4585 0.0324 20.3562 0.0302 20.2614 0.0295 20.1447 0.0284 20.0265 0.0275 19.8442 0.0262 19.7562 0.0259 19.7259 0.0255 19.6374 0.0253 19.6059 0.0264 19.5410 0.0248 19.4163 0.0244 19.3730 0.0245 19.3496 0.0244 19.2366 0.0240 19.2103 0.0239 19.2208 0.0254 19.2098 0.0256 19.1943 0.0237 19.1815 0.0235 19.1423 0.0235 19.2088 0.0234 19.0571 0.0235 18.9787 0.0233 18.9680 0.0232 18.9673 0.0232 18.9404 0.0230 18.9622 0.0231 18.8962 0.0230 18.8998 0.0232 18.8148 0.0234 18.8339 0.0231 18.8012 0.0233 18.7849 0.0229 18.7776 0.0229 18.7459 0.0229 18.7665 0.0232 18.7388 0.0231 18.6900 0.0229 18.6192 0.0229 0.2786 15.75
3  23.6400 0.2561 22.3122 0.0438 20.7571 0.0252 20.2477 0.0238 19.8576 0.0255 19.7505 0.0322 22.7667 0.1518 22.5580 0.1371 22.2441 0.1204 22.2894 0.1106 22.3317 0.1021 22.0922 0.0940 21.9648 0.0862 21.9066 0.0805 21.9716 0.0779 21.7960 0.0690 21.5882 0.0634 21.5852 0.0789 21.3877 0.0612 21.3087 0.0547 21.0842 0.0507 20.9829 0.0475 20.9492 0.0431 20.8977 0.0415 20.9837 0.0568 20.8230 0.0574 20.6980 0.0367 20.6094 0.0337 20.5796 0.0330 20.5484 0.0328 20.4275 0.0336 20.4010 0.0326 20.3691 0.0320 20.3908 0.0324 20.3443 0.0312 20.3195 0.0321 20.3690 0.0314 20.3126 0.0332 20.3113 0.0338 20.2845 0.0326 20.2057 0.0335 20.1260 0.0304 20.1338 0.0303 20.0675 0.0303 20.0394 0.0324 20.0492 0.0319 20.0378 0.0308 20.0316 0.0312 0.4587 10.68
4  28.4977 1.3484 25.0815 0.3092 23.4394 0.1135 22.7605 0.0922 22.6122 0.1320 22.0714 0.2245 23.1118 0.9451 25.3264 0.8617 24.1851 0.7934 24.6753 0.7432 24.5859 0.6922 24.3322 0.6405 24.3058 0.5915 25.8202 0.5718 24.4404 0.5371 24.9436 0.4720 24.6996 0.4599 23.9251 0.5500 22.9227 0.4230 23.3041 0.3528 23.8431 0.3490 23.8342 0.3431 23.2692 0.2918 23.3299 0.2846 24.3973 0.4192 23.7496 0.4155 23.3124 0.2298 22.8349 0.2062 23.0640 0.2009 22.8736 0.2008 23.3794 0.2082 22.9872 0.2017 22.7435 0.1965 23.0668 0.1980 23.1164 0.1897 23.0682 0.2028 22.9064 0.1944 22.5519 0.2071 22.9199 0.2163 22.7733 0.2043 22.5404 0.2226 22.5369 0.1832 22.7492 0.1825 22.2708 0.1842 22.9281 0.2138 22.4206 0.2085 22.4403 0.1932 22.7182 0.1967 0.4415 11.97
5  29.6835 1.6448 27.4716 0.6960 24.8474 0.3936 23.7507 0.2101 22.7887 0.1719 22.3658 0.2364 25.4394 1.4321 26.9480 1.4042 26.3037 1.3787 25.0254 1.3556 24.9105 1.3344 26.0174 1.3151 26.3626 1.2984 26.2629 1.2901 24.0643 1.2715 28.0469 1.2331 24.5612 1.2023 26.1337 1.3898 25.2821 1.1743 26.6309 1.0997 23.8743 1.1388 25.9538 1.0881 26.3632 0.9553 24.5285 0.9054 24.9136 1.1888 25.8772 1.1913 25.7711 0.7553 24.7027 0.6870 25.7496 0.6679 24.9450 0.6388 24.9723 0.6178 24.0653 0.5600 23.9012 0.5277 23.7900 0.5199 24.1184 0.4818 23.9519 0.4907 24.5357 0.4484 23.5908 0.4674 23.3121 0.4784 23.8389 0.4682 22.7704 0.4947 23.5015 0.3866 23.6810 0.3657 23.2657 0.3701 23.7933 0.4388 23.3280 0.4189 22.9593 0.3675 22.5344 0.3522 1.1721 6.89
6  26.3292 1.1950 25.6731 0.4241 23.6584 0.1787 22.7461 0.0878 21.9372 0.0855 21.8391 0.1415 23.8509 1.0292 23.9658 1.0078 23.7502 0.9876 25.5537 0.9623 24.8385 0.9346 24.7350 0.9025 27.1573 0.8683 25.1673 0.8308 23.0496 0.7891 24.8635 0.7400 25.7760 0.6980 24.4413 0.8104 24.4657 0.6423 24.0747 0.5858 24.4622 0.6130 23.5370 0.5874 24.4281 0.4891 24.5529 0.4376 24.5833 0.6076 23.4496 0.6210 23.6584 0.3640 23.1538 0.3265 23.2835 0.3090 23.5743 0.2960 23.5770 0.3028 23.6978 0.2927 23.3245 0.2671 23.4795 0.2471 23.2254 0.2284 22.9193 0.2491 23.5448 0.2318 23.1186 0.2390 22.5677 0.2321 23.0087 0.1926 22.7432 0.1899 22.6156 0.1581 22.4037 0.1588 22.3901 0.1549 22.5648 0.1768 22.2661 0.1681 22.4852 0.1466 22.1901 0.1419 0.9392 7.70
7  24.4229 1.9868 27.9614 0.9088 25.2515 0.5404 24.3625 0.2909 23.5811 0.2749 22.9222 0.4118 27.4243 1.7688 25.7954 1.7389 24.9645 1.7107 27.3522 1.6849 25.9319 1.6595 23.6426 1.6323 25.5049 1.6024 22.8826 1.5791 25.3268 1.5459 24.4280 1.4951 24.5632 1.4491 22.6892 1.6478 26.9215 1.4112 22.5314 1.3403 27.7330 1.3906 27.3651 1.3392 23.9715 1.1914 24.5716 1.1457 25.4795 1.4945 23.5858 1.5110 24.9156 0.9902 23.9148 0.8861 24.7753 0.8516 24.7956 0.8310 24.7181 0.8435 24.1476 0.7946 24.7427 0.7434 23.8549 0.7215 24.9747 0.6681 24.8095 0.6986 24.5612 0.6449 25.3754 0.6450 23.6310 0.6505 26.2088 0.6478 24.9277 0.6922 24.9966 0.5651 24.5180 0.5482 23.7214 0.5024 24.2356 0.5068 23.9517 0.4784 23.3413 0.4473 23.6551 0.4488 1.0512 10.83
8  25.3426 1.9569 24.2476 0.4155 24.2996 0.2496 24.2695 0.2213 23.3666 0.3263 23.6587 0.5289 26.9013 1.2159 26.7639 1.0115 24.3897 0.9711 24.7811 0.9296 24.4315 0.8857 26.1185 0.8089 25.2002 0.7380 24.9585 0.6999 24.8997 0.6768 25.2561 0.6387 24.1478 0.6226 24.4584 0.7631 24.2280 0.6388 24.8420 0.6228 25.2051 0.6772 23.6596 0.6341 24.6269 0.5480 24.5788 0.5369 24.1256 0.7608 24.5607 0.7918 24.4742 0.4947 24.7277 0.4664 23.3721 0.4619 23.6336 0.4501 24.2215 0.4671 24.0389 0.4565 24.3527 0.4502 23.7636 0.4584 23.3067 0.4316 23.6770 0.4450 24.6370 0.4186 22.9720 0.4567 23.8675 0.4837 24.4517 0.4716 23.5836 0.5103 23.6470 0.4336 23.8542 0.4477 24.2938 0.4513 23.1167 0.4967 23.0568 0.4729 23.9357 0.4353 24.0445 0.4503 0.1268 6.64
9  28.5890 1.3932 25.4705 0.5764 25.4761 0.4014 23.8578 0.2215 23.0615 0.1984 22.1853 0.2726 24.3303 1.2345 24.5851 1.2085 24.2868 1.1878 26.4833 1.1693 26.5779 1.1501 24.7292 1.1313 25.7571 1.1138 24.9203 1.1031 22.1286 1.0873 24.7830 1.0595 25.6535 1.0400 24.2370 1.2247 24.5470 1.0372 25.7427 0.9896 24.3633 1.0488 24.8943 1.0170 23.6457 0.9015 27.4762 0.8708 23.3258 1.1714 24.7214 1.1948 25.4249 0.7697 23.7962 0.7020 23.0666 0.6747 25.1077 0.6563 24.2881 0.6742 25.0321 0.6427 24.2451 0.5983 23.9655 0.5680 24.0805 0.5136 24.1603 0.5222 23.6454 0.4815 25.1032 0.5047 23.0840 0.5156 23.5933 0.4869 23.6995 0.5079 23.2258 0.4124 23.5345 0.4078 23.0776 0.4102 23.9622 0.4464 23.9429 0.4002 22.9915 0.3557 23.5543 0.3711 1.2652 10.47
10  32.4473 2.9038 27.6486 1.3912 24.8013 0.4890 23.9517 0.2387 23.0223 0.2092 22.7212 0.3370 26.6159 2.6082 28.7725 2.5992 26.5157 2.5738 26.0429 2.5247 23.7288 2.4533 26.1344 2.3618 25.8275 2.2271 26.5993 2.0804 27.0270 1.9434 27.6641 1.8030 26.0119 1.6665 24.0961 1.7910 26.7658 1.4765 25.8329 1.3559 25.3126 1.4102 25.6466 1.3320 25.5509 1.0888 26.1757 0.9843 24.2039 1.3049 24.7125 1.3336 25.8768 0.8870 25.5148 0.8151 23.3330 0.7806 24.1177 0.7651 25.6397 0.8060 25.3577 0.7407 24.0549 0.6592 25.1353 0.6556 24.4606 0.6649 25.0229 0.7308 25.6954 0.6677 24.2868 0.6490 23.4972 0.5473 23.2877 0.4645 23.5209 0.4902 23.8398 0.4220 23.6141 0.4155 23.6322 0.4058 23.4262 0.4490 24.2553 0.4064 23.3935 0.3532 23.4738 0.3389 0.9204 2.03
11  30.5009 1.7092 24.7963 0.4179 23.7495 0.1446 22.8808 0.1076 22.4648 0.1511 22.6692 0.2548 25.3501 1.1839 24.1499 1.1203 26.0253 1.0138 26.3070 0.9293 24.6840 0.8788 25.8724 0.8281 26.5779 0.7759 23.9246 0.7279 24.6213 0.6984 24.1156 0.6539 24.9263 0.5832 24.9585 0.7086 23.9178 0.5867 24.8220 0.5286 23.7953 0.5101 23.6758 0.4268 23.8516 0.3700 23.7060 0.3588 24.0928 0.5192 24.1805 0.5384 23.5373 0.3041 23.6962 0.2626 23.3783 0.2464 22.8814 0.2407 23.8238 0.2517 23.1323 0.2403 23.2045 0.2263 23.2020 0.2308 22.8405 0.2195 23.4464 0.2315 22.9519 0.2221 22.9084 0.2457 23.0906 0.2638 23.1204 0.2477 23.1496 0.2631 23.0009 0.2143 22.8006 0.2156 22.5881 0.2137 22.5761 0.2443 23.3458 0.2364 22.6308 0.2179 22.8297 0.2254 0.4753 8.66
12  27.8041 2.1994 27.1025 0.7820 24.2209 0.3114 23.3566 0.2179 23.5742 0.3038 23.5594 0.4962 24.8830 1.7977 24.8866 1.7197 28.5434 1.6450 26.1225 1.5856 26.5484 1.5027 24.1448 1.3976 25.5045 1.3265 26.5936 1.2711 26.7352 1.2076 26.7896 1.1280 25.4015 1.0593 22.5793 1.2322 25.2737 1.0232 24.4335 0.9083 26.3497 0.9594 26.3128 0.9386 25.3767 0.8052 26.4697 0.7426 24.8842 0.9185 24.5431 0.9318 23.7765 0.5923 24.8256 0.5378 24.3659 0.5321 24.9526 0.5218 25.2572 0.5204 23.9512 0.4781 24.0265 0.4494 23.6557 0.4472 24.0325 0.4238 22.3964 0.4382 24.3501 0.4099 22.6088 0.4488 24.2446 0.4765 23.5518 0.4658 23.2537 0.5123 23.5398 0.4391 24.5060 0.4466 23.7462 0.4378 23.2554 0.4908 24.0935 0.4628 23.9480 0.4262 23.1380 0.4330 0.5554 11.55
13  27.4621 1.4610 24.7033 0.5382 23.9667 0.2313 23.1245 0.1186 22.7093 0.1528 22.4917 0.2518 25.0297 1.2775 25.2943 1.2378 24.8786 1.1975 23.8506 1.1540 25.0759 1.1110 23.9381 1.0691 26.7703 1.0247 25.3672 0.9854 24.7422 0.9400 23.8969 0.8875 25.6725 0.8510 25.4546 0.9789 24.7163 0.7708 24.2118 0.7063 24.5286 0.7369 24.0395 0.6964 24.8341 0.5948 24.0311 0.5573 23.3066 0.7637 23.8202 0.7883 24.3126 0.4821 23.5715 0.4108 24.1107 0.3863 23.9457 0.3936 24.4322 0.4006 23.7314 0.3699 23.4570 0.3311 23.4677 0.2910 23.0730 0.2652 23.4547 0.2809 22.9860 0.2575 23.0519 0.2764 23.2052 0.2947 23.3099 0.2779 22.4369 0.2870 22.6081 0.2272 22.7507 0.2216 23.1387 0.2195 22.7544 0.2506 22.7796 0.2418 22.5851 0.2174 22.5071 0.2221 0.7801 11.76
14  24.7699 1.3549 24.4778 0.2625 23.6143 0.1284 22.9538 0.1139 22.9427 0.1675 22.3405 0.2840 24.9020 0.8235 24.1649 0.7539 25.6694 0.7229 24.0688 0.6601 23.9502 0.6004 24.0065 0.5771 24.0759 0.5324 24.2862 0.4783 24.3954 0.4195 23.9171 0.4043 24.1145 0.3821 24.4030 0.4774 24.2070 0.3754 23.9436 0.3340 23.5590 0.3490 23.9305 0.3369 23.2271 0.2944 23.7082 0.2842 23.7137 0.4281 23.2196 0.4546 23.3257 0.2677 23.5006 0.2518 23.4593 0.2534 23.2724 0.2540 22.9908 0.2646 23.2677 0.2482 23.2064 0.2366 23.0807 0.2372 23.0464 0.2235 23.2793 0.2367 23.2618 0.2252 23.5499 0.2479 23.2732 0.2649 22.8006 0.2557 22.7473 0.2768 22.6298 0.2309 23.2488 0.2336 22.8263 0.2366 22.6171 0.2726 22.9615 0.2621 22.9266 0.2393 23.2960 0.2441 0.2958 14.25
15  25.8895 0.6966 23.2226 0.0971 21.6941 0.0358 21.2055 0.0305 20.7772 0.0367 20.5975 0.0564 23.1612 0.3554 23.7898 0.3005 23.2087 0.2702 23.3956 0.2524 23.4572 0.2349 23.0029 0.2157 23.2047 0.1997 22.8279 0.1936 23.0437 0.1718 22.7600 0.1548 22.8486 0.1578 22.6480 0.1935 22.3603 0.1380 22.3391 0.1051 22.1238 0.1047 22.0126 0.1031 22.0109 0.0878 21.8993 0.0844 21.9454 0.1197 21.5137 0.1168 21.6472 0.0651 21.5156 0.0585 21.5581 0.0569 21.5020 0.0564 21.3188 0.0575 21.3038 0.0562 21.2911 0.0546 21.2694 0.0554 21.3676 0.0534 21.3875 0.0565 21.2389 0.0541 21.2138 0.0558 21.1020 0.0571 21.1883 0.0549 21.0941 0.0591 21.1124 0.0497 21.0452 0.0495 20.9928 0.0498 21.1069 0.0563 20.9695 0.0551 20.9446 0.0516 20.9008 0.0515 0.4360 6.27
16  23.5577 0.4400 23.5262 0.1092 21.9906 0.0438 21.2497 0.0319 20.8948 0.0396 20.8532 0.0621 23.3796 0.3425 23.7037 0.3258 23.6542 0.3100 23.3389 0.2938 23.7774 0.2775 23.7406 0.2611 23.6137 0.2474 23.2351 0.2338 23.3527 0.2144 23.1495 0.1950 23.1116 0.1811 22.8556 0.2167 22.8311 0.1630 22.5220 0.1457 22.5493 0.1501 22.2937 0.1459 22.3610 0.1223 22.2977 0.1078 22.1733 0.1609 22.4490 0.1662 22.2537 0.0910 21.8310 0.0806 21.7725 0.0704 21.6733 0.0672 21.6784 0.0712 21.5867 0.0669 21.6278 0.0643 21.5029 0.0654 21.5691 0.0599 21.2817 0.0593 21.2981 0.0543 21.2649 0.0577 21.1952 0.0606 21.1369 0.0588 21.1326 0.0628 21.1956 0.0530 21.0534 0.0538 21.1097 0.0543 21.0828 0.0611 21.0095 0.0598 21.0415 0.0562 21.0125 0.0582 0.6597 14.74
17  26.3118 1.9586 25.6664 0.7831 24.7469 0.3115 23.3857 0.1446 23.1075 0.1598 21.9573 0.2626 27.3730 1.7623 22.2437 1.7182 26.7933 1.6673 27.7872 1.6104 24.8548 1.5329 24.6174 1.4528 24.1582 1.3792 25.6220 1.3124 26.9033 1.2325 24.1331 1.1450 24.6533 1.0724 25.1629 1.2316 26.3530 1.0200 25.5533 0.9047 25.4317 0.8935 24.1623 0.8506 25.5148 0.7441 24.0568 0.7126 22.5349 0.9673 24.9337 0.9722 23.9811 0.6025 24.4682 0.5615 23.6092 0.5274 24.4959 0.4857 23.4375 0.5036 24.5076 0.5109 23.5523 0.4900 24.3394 0.4660 24.1510 0.3929 23.2349 0.3434 23.7104 0.3028 23.4564 0.3332 23.4488 0.3484 23.3512 0.3318 22.7755 0.3570 22.9985 0.2845 22.9379 0.2693 22.9134 0.2543 23.6270 0.2791 22.8266 0.2623 22.8363 0.2362 22.9113 0.2410 0.8322 5.86
18  27.9813 1.4524 25.0457 0.3203 23.3005 0.1070 22.5702 0.0778 22.2582 0.1078 21.9564 0.1831 25.4589 0.9640 24.6945 0.9124 25.8459 0.8326 24.6427 0.7429 24.9406 0.6955 25.2498 0.6543 24.8646 0.6137 24.7114 0.5743 24.6565 0.5398 24.3081 0.5153 23.8005 0.4613 24.5336 0.5403 23.4876 0.4526 24.2460 0.4151 23.8710 0.4164 23.4541 0.3400 23.2918 0.2725 23.2252 0.2689 22.9569 0.3933 23.0001 0.4090 23.2714 0.2310 23.0177 0.1990 22.7804 0.1837 22.8183 0.1772 22.5449 0.1835 22.3747 0.1763 22.4136 0.1656 22.6380 0.1655 22.6309 0.1587 22.6670 0.1665 22.7747 0.1589 23.0205 0.1758 22.6789 0.1921 22.6184 0.1841 22.5273 0.1931 22.2506 0.1557 22.5170 0.1551 22.4307 0.1553 22.3380 0.1767 22.1581 0.1700 22.0692 0.1561 22.3688 0.1608 0.4874 8.09
19  22.0301 0.0759 20.4781 0.0232 19.1512 0.0219 18.7390 0.0218 18.4173 0.0219 18.2787 0.0226 20.9290 0.0397 20.8004 0.0370 20.7442 0.0358 20.6109 0.0336 20.4618 0.0317 20.4636 0.0315 20.3559 0.0302 20.1648 0.0284 19.8680 0.0266 19.8539 0.0262 19.7746 0.0259 19.7531 0.0270 19.6907 0.0254 19.5114 0.0248 19.3926 0.0247 19.3240 0.0244 19.2468 0.0240 19.1940 0.0238 19.1994 0.0251 19.1863 0.0255 19.1519 0.0236 19.1215 0.0234 19.1291 0.0234 19.0843 0.0234 19.0156 0.0234 18.9901 0.0232 18.9493 0.0231 18.9124 0.0231 18.8526 0.0229 18.8374 0.0229 18.8044 0.0228 18.8302 0.0230 18.7729 0.0232 18.7610 0.0230 18.7005 0.0231 18.6675 0.0227 18.6779 0.0227 18.6582 0.0228 18.6523 0.0230 18.6456 0.0229 18.5780 0.0227 18.5383 0.0227 0.2995 9.36
20  30.0491 3.4977 24.6341 1.2484 24.6306 0.4923 24.2534 0.3435 22.8674 0.4569 24.4655 0.7143 25.0901 2.5308 27.4892 2.4424 24.7297 2.2995 23.9776 2.1008 27.9688 2.0098 27.9760 1.9467 23.1212 1.8842 25.8545 1.8145 27.8535 1.7501 26.0738 1.6997 25.8373 1.5735 26.5757 1.7455 26.9273 1.5830 24.3932 1.5357 25.5354 1.5199 25.5661 1.2884 25.4787 1.0561 25.6078 1.0443 26.5167 1.3814 26.5553 1.4051 24.4027 0.9201 24.8605 0.8139 25.1465 0.7571 24.6101 0.7265 25.0613 0.7406 25.5826 0.7139 23.0181 0.6775 24.6327 0.6683 24.6776 0.6458 22.9429 0.6737 24.8231 0.6486 23.8937 0.7059 23.9376 0.7588 25.7327 0.7415 24.8787 0.7599 24.4257 0.6312 23.9675 0.6303 25.1309 0.6330 23.9766 0.7037 24.7169 0.6785 23.4733 0.6297 23.9145 0.6435 0.4917 4.20
21  22.8756 0.1648 21.7337 0.0318 20.3299 0.0233 19.8512 0.0228 19.5249 0.0238 19.3718 0.0279 22.1356 0.0917 21.8483 0.0837 21.8151 0.0769 21.7269 0.0704 21.6505 0.0643 21.5317 0.0600 21.5690 0.0578 21.3404 0.0519 21.2115 0.0494 21.2306 0.0472 21.1253 0.0441 20.9314 0.0474 20.7827 0.0372 20.7053 0.0361 20.5943 0.0371 20.6019 0.0364 20.4928 0.0336 20.4632 0.0321 20.2876 0.0387 20.2693 0.0393 20.2057 0.0296 20.1582 0.0285 20.1523 0.0282 20.1267 0.0283 20.0204 0.0289 20.0590 0.0285 20.0341 0.0282 20.0469 0.0286 20.0308 0.0278 19.9788 0.0279 19.9234 0.0272 19.8883 0.0278 19.8380 0.0285 19.8063 0.0278 19.7754 0.0286 19.7837 0.0268 19.7673 0.0269 19.6824 0.0271 19.7258 0.0284 19.6787 0.0278 19.6205 0.0270 19.6569 0.0272 0.3957 12.61
22  25.2266 0.5541 23.7330 0.1281 22.2082 0.0491 21.5512 0.0374 21.2020 0.0488 21.1275 0.0808 24.0884 0.4172 24.3099 0.3936 24.2487 0.3706 23.5321 0.3492 23.3853 0.3294 23.4765 0.3039 23.5990 0.2781 23.3813 0.2603 23.4366 0.2410 23.1185 0.2188 23.6118 0.2002 23.1493 0.2369 22.6652 0.1860 23.0448 0.1708 22.4046 0.1674 22.6640 0.1597 22.4334 0.1358 22.5208 0.1255 22.3129 0.1806 22.1252 0.1664 22.0895 0.0943 22.1108 0.0866 21.9777 0.0830 22.1610 0.0839 21.9559 0.0878 21.8532 0.0806 21.7690 0.0739 21.6499 0.0728 21.6054 0.0683 21.8147 0.0710 21.5285 0.0669 21.6635 0.0717 21.5834 0.0772 21.4578 0.0753 21.5429 0.0814 21.4843 0.0689 21.5607 0.0702 21.3657 0.0716 21.4733 0.0811 21.4720 0.0777 21.4329 0.0702 21.3920 0.0701 0.5797 15.00
23  26.8282 1.7043 26.3537 0.7581 24.2885 0.5183 24.3334 0.2844 23.4146 0.2533 22.7496 0.3420 24.2738 1.5214 25.1032 1.4923 29.1750 1.4687 26.0534 1.4470 23.9459 1.4247 24.7569 1.4032 25.6977 1.3836 25.6037 1.3724 25.2806 1.3554 26.6127 1.3249 26.1779 1.3015 25.3592 1.5079 25.0615 1.2957 28.0916 1.2392 25.9412 1.3031 23.8767 1.2607 23.8037 1.1249 25.2168 1.0856 29.7494 1.4202 24.2230 1.4386 25.4812 0.9546 25.7250 0.8725 25.9606 0.8366 23.6372 0.8149 25.0147 0.8383 24.9964 0.7959 24.8727 0.7320 23.6451 0.6924 25.0396 0.6348 24.7609 0.6482 24.3423 0.5990 23.8030 0.6280 23.4811 0.6401 24.2860 0.6064 23.9933 0.6311 23.3501 0.5217 24.1560 0.5249 24.2325 0.5153 23.3570 0.5456 23.5455 0.4989 23.6840 0.4622 23.6638 0.4841 1.2517 9.14
24  24.3138 0.3338 22.7055 0.0571 21.1235 0.0274 20.4047 0.0245 20.0329 0.0267 19.9385 0.0351 23.3958 0.2024 23.3711 0.1848 22.8892 0.1726 22.4863 0.1548 22.5727 0.1353 22.6425 0.1249 22.5329 0.1163 22.1977 0.1089 22.2255 0.1004 22.1710 0.0917 22.1588 0.0885 21.7776 0.1025 21.7544 0.0761 21.7418 0.0739 21.7543 0.0784 21.6915 0.0718 21.3635 0.0556 21.2058 0.0487 21.2154 0.0692 21.1790 0.0714 21.0973 0.0446 20.9778 0.0415 20.9086 0.0395 20.7567 0.0377 20.7207 0.0377 20.6868 0.0363 20.5841 0.0352 20.6095 0.0353 20.4683 0.0334 20.5220 0.0343 20.5261 0.0334 20.4619 0.0350 20.4720 0.0370 20.3897 0.0363 20.4670 0.0388 20.3632 0.0338 20.3219 0.0333 20.2506 0.0329 20.2604 0.0356 20.1554 0.0346 20.1733 0.0328 20.1585 0.0332 0.5199 9.00
25  28.5205 2.3855 27.7772 1.0138 25.8170 0.4444 24.2858 0.2868 23.6725 0.3933 23.6948 0.6247 22.5872 2.0754 25.6907 2.0144 29.0026 1.9510 27.8603 1.8851 26.6160 1.8166 26.0793 1.7534 26.6782 1.6965 26.9373 1.6187 25.2029 1.5283 28.5999 1.4492 28.3304 1.3817 26.0423 1.5502 26.1301 1.2922 24.2723 1.1969 25.9455 1.2516 25.0354 1.2188 25.5192 1.0310 26.8725 0.9800 25.2283 1.3271 25.5047 1.3249 26.4401 0.8606 25.4521 0.7312 25.3034 0.6658 24.8216 0.6722 24.1431 0.6918 24.8549 0.6608 24.5964 0.6442 24.9550 0.6326 23.6721 0.5739 24.7420 0.5736 24.4213 0.5326 23.1947 0.5685 24.6121 0.5983 23.7259 0.5804 23.4821 0.6191 23.9725 0.5324 24.0638 0.5378 25.3230 0.5376 23.3654 0.6147 23.5338 0.6045 23.5437 0.5692 23.1711 0.5786 0.6422 12.82
26  26.7485 1.8839 26.0238 0.8052 24.8407 0.3485 23.3806 0.1742 22.6343 0.1580 22.8179 0.2517 25.8880 1.6554 26.3296 1.6299 27.6349 1.6083 25.6039 1.5848 27.9589 1.5509 25.1066 1.5125 27.0374 1.4679 23.7774 1.4224 25.4905 1.3546 26.2746 1.2753 26.5011 1.2104 26.0624 1.3653 25.8878 1.1185 22.8508 1.0291 24.5825 1.0515 24.5000 1.0025 26.2112 0.8868 23.6409 0.8213 25.3370 1.0419 26.2397 1.0336 24.4507 0.6541 24.2295 0.5949 24.1105 0.5736 24.3663 0.5552 25.7353 0.5613 25.2427 0.5283 23.2185 0.5114 24.0350 0.4934 23.5002 0.4310 24.8169 0.4378 23.6214 0.4305 23.3961 0.4746 23.6644 0.4768 23.3524 0.4360 23.1384 0.4054 23.6442 0.2944 23.3711 0.2884 23.1377 0.2935 22.9845 0.3303 23.3828 0.3122 22.6340 0.2843 23.1570 0.2782 0.9722 5.98
27  27.4441 2.6729 26.1754 1.1680 25.1000 0.5213 24.6423 0.3358 24.7027 0.4525 23.3339 0.7090 27.3225 2.3222 26.8407 2.2503 25.9893 2.1728 21.6681 2.0954 26.6170 2.0172 28.2108 1.9544 28.7696 1.8786 29.2599 1.7751 28.4965 1.6899 29.5454 1.6111 24.4268 1.5405 25.6919 1.7162 27.1490 1.4446 25.9665 1.3543 25.5370 1.4320 26.1062 1.3460 24.5086 1.1587 25.3014 1.1499 23.1203 1.4972 25.5935 1.4952 26.6482 0.9590 23.5912 0.8025 25.5186 0.7803 24.9792 0.7807 25.6248 0.7975 24.4289 0.7756 24.6014 0.7398 24.5860 0.7119 25.3933 0.6470 24.8593 0.6546 25.1033 0.6132 24.7313 0.6547 23.5291 0.6860 23.8732 0.6605 24.1273 0.7147 24.7005 0.6173 23.2382 0.6181 24.6464 0.6242 25.2707 0.7135 25.5587 0.7033 25.1460 0.6559 25.1649 0.6528 0.6271 11.17
28  33.6349 3.6416 25.0546 1.5195 25.5194 0.4597 23.5402 0.1953 22.6026 0.1873 22.8418 0.3029 29.0877 3.3977 34.2337 3.3280 30.2957 3.2075 31.8171 3.0331 29.1680 2.7686 25.7890 2.4758 27.7491 2.2442 24.1445 2.0569 21.4879 1.8584 25.9214 1.6687 25.5141 1.5192 25.7718 1.6577 24.8459 1.4198 26.2658 1.2675 25.6841 1.1753 24.1149 1.0878 26.6218 0.9780 25.2478 0.9507 24.7953 1.2771 25.1993 1.2939 26.6011 0.8426 25.6624 0.8018 24.7266 0.7639 24.3447 0.6864 24.6625 0.7019 25.2369 0.7301 25.6906 0.7760 24.8419 0.7666 24.5833 0.6411 24.2913 0.5205 24.5385 0.4097 24.2821 0.4292 23.2525 0.4678 23.3114 0.4460 23.5539 0.4691 23.2254 0.3749 23.4163 0.3469 23.5050 0.3267 23.0285 0.3488 23.0451 0.3219 23.2187 0.2846 23.0927 0.2862 0.8459 0.02
29  31.5374 3.4401 26.8642 0.9484 24.6191 0.3191 23.8059 0.1977 23.1757 0.2618 22.4664 0.4277 30.5801 2.1645 30.6434 2.0224 23.5580 1.9424 28.2069 1.7493 23.8387 1.5635 24.8309 1.5045 24.5599 1.4594 25.7677 1.4198 27.1213 1.3553 26.2291 1.3047 26.8718 1.2572 26.4135 1.3504 26.2008 1.1431 25.8880 1.1801 22.8938 1.2671 26.2375 1.1222 24.9851 0.8133 24.9033 0.7039 26.0579 0.9923 22.6616 1.0217 24.3697 0.6392 24.8448 0.5630 24.7764 0.5155 24.2325 0.4798 24.0601 0.4782 24.0322 0.4458 23.5540 0.4257 23.9891 0.4194 24.2966 0.3853 24.3700 0.4080 23.9002 0.3861 23.4918 0.4232 23.7332 0.4567 24.2549 0.4543 23.5469 0.4985 23.7836 0.3962 24.2114 0.3785 23.3649 0.3762 24.1667 0.4332 24.1822 0.4131 23.5983 0.3758 23.1824 0.3826 0.5150 1.55
30  26.9135 0.8113 23.5892 0.1047 22.2680 0.0498 21.7250 0.0437 21.4288 0.0605 21.4536 0.1036 24.3054 0.3993 23.6192 0.3458 23.9547 0.3352 23.5761 0.3269 23.4316 0.2843 23.1258 0.2192 22.7536 0.1984 23.0328 0.1937 22.6356 0.1838 23.1084 0.1684 22.5208 0.1502 22.4444 0.1757 22.3745 0.1346 22.4717 0.1259 22.2511 0.1338 22.2409 0.1294 22.0922 0.1144 22.2002 0.1127 22.1353 0.1753 22.3133 0.1900 22.0401 0.1069 22.2797 0.0941 22.0934 0.0911 22.0478 0.0912 22.0623 0.0947 22.0243 0.0912 21.9818 0.0881 22.1040 0.0899 21.9310 0.0859 21.7627 0.0880 21.8372 0.0811 21.9177 0.0877 21.7541 0.0949 21.9388 0.0938 21.8157 0.1028 21.6556 0.0845 21.7564 0.0835 21.6073 0.0833 21.7567 0.0965 21.6083 0.0934 21.6367 0.0857 21.3859 0.0875 0.2343 6.55
31  26.5768 2.8769 26.0376 1.0939 25.9264 0.5358 25.1316 0.4696 24.8973 0.6523 23.7479 0.9888 24.5202 2.2770 21.5141 2.1770 25.5681 2.0785 27.1046 1.9777 25.6107 1.8750 24.6853 1.7989 30.5445 1.7564 29.7175 1.6312 29.4007 1.5773 26.1543 1.5081 23.3244 1.4320 26.6542 1.5486 25.4282 1.2528 24.8990 1.2112 25.1437 1.2595 24.5126 1.2420 26.5238 1.1194 25.7440 1.0542 23.3848 1.3616 22.9835 1.3922 23.6219 0.9399 24.0106 0.8825 24.8481 0.8643 25.0892 0.8748 25.5201 0.9183 24.3140 0.8924 24.9504 0.8796 24.7733 0.8976 25.8444 0.8626 24.7047 0.8862 25.6277 0.8317 23.8297 0.8736 24.5982 0.9150 23.5117 0.8918 24.3252 0.9574 25.0317 0.8359 24.7327 0.8453 24.5466 0.8546 26.7380 0.9537 24.1616 0.9222 23.6263 0.8590 23.9945 0.8760 0.3934 14.48
32  22.2918 1.4317 24.8475 0.5751 24.4482 0.3700 23.6282 0.1999 22.9728 0.1843 22.3599 0.2759 27.3343 1.2483 25.8169 1.2247 27.5644 1.2031 26.4525 1.1811 26.5058 1.1588 26.1622 1.1372 25.5022 1.1175 26.6018 1.1021 27.4305 1.0797 24.8202 1.0439 25.3987 1.0167 24.0344 1.1922 26.4972 1.0002 25.4794 0.9491 26.3364 1.0033 23.0950 0.9717 23.7792 0.8586 24.9553 0.8271 24.2004 1.1139 22.5519 1.1345 24.4597 0.7309 24.6177 0.6664 24.3952 0.6293 24.8340 0.6008 25.0339 0.6102 24.6190 0.5740 23.1750 0.5362 23.7767 0.5215 22.6007 0.4763 24.4802 0.4782 23.2893 0.4335 24.6758 0.4649 23.8895 0.4894 23.1659 0.4496 24.5309 0.4525 23.9344 0.3777 23.3256 0.3818 23.0206 0.3667 23.9017 0.4036 22.9412 0.3766 22.8285 0.3106 23.1321 0.2919 1.1163 13.27
33  24.1601 0.3271 23.2678 0.0789 21.5879 0.0346 20.8503 0.0278 20.5659 0.0329 20.3805 0.0490 23.0642 0.2506 23.3938 0.2384 23.5247 0.2263 23.0910 0.2143 23.1178 0.2020 23.1117 0.1906 22.9854 0.1797 22.8529 0.1673 22.3191 0.1541 22.6303 0.1411 22.4032 0.1301 22.5067 0.1547 22.4718 0.1161 22.1407 0.1035 22.4509 0.1108 21.9584 0.1062 22.0005 0.0840 21.9646 0.0792 21.9112 0.1171 21.9338 0.1159 21.6769 0.0665 21.3922 0.0556 21.2458 0.0522 21.3403 0.0526 21.2723 0.0536 21.1850 0.0517 21.3065 0.0507 21.1257 0.0498 21.0615 0.0453 21.0140 0.0453 20.8679 0.0429 20.9000 0.0456 20.9001 0.0480 20.8516 0.0461 20.7926 0.0493 20.8308 0.0430 20.7780 0.0432 20.7227 0.0432 20.7611 0.0487 20.7563 0.0479 20.7567 0.0453 20.6899 0.0458 0.6375 15.83
34  29.6393 2.7081 28.2629 0.9709 24.4291 0.3116 23.0663 0.1227 22.4813 0.1364 22.1686 0.2175 30.4850 2.4855 24.7833 2.3778 29.3321 2.2387 24.7804 2.0359 24.0900 1.8512 25.7131 1.6938 26.9114 1.5398 21.8781 1.3987 24.6391 1.2739 24.8895 1.1616 24.0420 1.1128 25.9975 1.2335 23.9732 0.9150 24.0085 0.8107 27.0570 0.8600 23.8840 0.8310 23.9350 0.7339 24.7462 0.6987 25.7301 0.9509 23.7407 0.9958 24.7161 0.6104 24.4333 0.5131 24.5914 0.4986 25.0583 0.5384 24.5503 0.6029 23.8004 0.5513 23.7664 0.4525 24.2670 0.3568 23.7209 0.2976 23.4824 0.3143 23.4916 0.2986 22.9024 0.3131 23.6041 0.3216 22.9816 0.2921 23.1021 0.2968 23.0424 0.2301 23.0005 0.2182 22.8254 0.2104 22.3386 0.2361 23.1300 0.2269 22.6304 0.2017 22.2512 0.2000 0.7872 1.16
35  25.4741 1.1165 25.8376 0.3935 23.8393 0.1794 22.6771 0.0895 22.1423 0.0929 21.9277 0.1564 25.8802 0.9654 23.4954 0.9429 26.4605 0.9204 24.5795 0.8955 23.2620 0.8688 24.9172 0.8401 25.1596 0.8090 24.3796 0.7799 23.7066 0.7475 24.6945 0.7067 24.6656 0.6704 22.6060 0.7876 24.9008 0.6288 24.6775 0.5792 24.7955 0.6125 24.0677 0.5815 23.9585 0.4810 23.7086 0.4406 24.7351 0.6222 24.3492 0.6316 23.7519 0.3695 23.8625 0.3286 23.6838 0.3097 23.5506 0.2962 23.2846 0.3081 23.6268 0.2946 23.3619 0.2622 23.2424 0.2468 23.3202 0.2362 23.4475 0.2494 22.6803 0.2232 23.1366 0.2326 22.4920 0.2175 22.6815 0.1868 21.8821 0.1998 22.3970 0.1673 22.6203 0.1636 22.3887 0.1615 22.3560 0.1867 22.2685 0.1747 22.2644 0.1521 22.0721 0.1475 0.9243 10.12
36  26.6718 1.4610 24.6571 0.4044 23.6998 0.1439 22.7455 0.0942 22.5673 0.1304 22.3237 0.2211 24.9003 1.1278 25.6409 1.0625 23.9014 0.9997 25.5622 0.9478 25.3290 0.9006 25.8608 0.8232 23.5722 0.7547 24.3974 0.7180 24.8899 0.6769 24.8979 0.6268 23.9535 0.5821 24.0077 0.6817 23.6895 0.5564 23.4319 0.4972 23.5690 0.4989 24.4786 0.4948 23.7000 0.4272 23.5031 0.3959 23.7751 0.5237 24.1851 0.4811 23.3856 0.2828 23.2861 0.2589 23.4957 0.2489 23.6361 0.2493 23.2672 0.2534 23.1967 0.2296 23.1004 0.2092 22.5865 0.2053 22.9222 0.1911 22.9253 0.2002 22.6173 0.1850 22.9524 0.1993 22.6436 0.2154 22.5749 0.2098 22.7713 0.2297 22.6076 0.1942 22.6314 0.1981 22.4301 0.2016 22.4295 0.2252 22.5641 0.2129 22.8993 0.1899 22.6756 0.1942 0.5737 10.26
37  25.5602 0.8606 24.1138 0.1525 22.4135 0.0597 22.0929 0.0509 21.6817 0.0710 21.3393 0.1206 24.3602 0.5086 24.2372 0.4692 24.6260 0.4321 24.0459 0.3959 24.0428 0.3607 23.0375 0.3408 23.5689 0.3192 23.5381 0.2828 23.3421 0.2752 23.4924 0.2548 23.5522 0.2326 23.2116 0.2516 22.5912 0.1850 22.6604 0.1756 22.6400 0.1860 22.5601 0.1818 22.7296 0.1528 22.4407 0.1394 22.3991 0.2020 22.3290 0.2088 22.4646 0.1194 22.2690 0.1090 22.4036 0.1062 22.2157 0.1080 22.2508 0.1142 22.2821 0.1111 22.3166 0.1090 22.1207 0.1122 22.2288 0.1046 22.0811 0.1073 22.0692 0.0983 22.0559 0.1063 22.0439 0.1122 21.9580 0.1081 21.8969 0.1185 22.0142 0.0991 21.8841 0.1006 21.9966 0.1020 21.7841 0.1164 21.8774 0.1106 21.9663 0.1010 21.8135 0.1039 0.3883 11.86
38  29.3774 2.8903 27.6491 1.2382 24.9814 0.4168 23.4503 0.1832 22.8371 0.1814 22.9267 0.2951 28.4784 2.6642 26.7027 2.6102 26.6557 2.5350 33.6814 2.4329 26.0423 2.2817 29.7607 2.1000 30.2663 1.9436 25.5591 1.8120 28.7958 1.6648 22.7397 1.5140 24.9239 1.3925 24.7484 1.5370 27.9636 1.3054 26.5411 1.1765 25.4314 1.1108 25.3537 1.0270 23.4748 0.9162 25.0532 0.8864 25.6516 1.1946 22.2658 1.2087 25.6100 0.7754 24.0040 0.7281 25.1174 0.7013 23.4827 0.6375 23.8227 0.6430 24.0697 0.6566 23.6617 0.6833 24.1122 0.6741 24.8458 0.5766 24.2121 0.4852 23.5152 0.3846 24.4288 0.4023 22.6982 0.4358 24.3025 0.4164 23.6409 0.4398 23.4913 0.3549 23.5923 0.3310 23.4123 0.3120 23.4065 0.3345 23.7509 0.3091 23.0985 0.2743 22.7879 0.2757 0.8472 1.59
39  23.5525 0.4607 23.7631 0.1380 22.7897 0.0778 21.6700 0.0426 21.0418 0.0431 20.8132 0.0654 23.4900 0.3822 23.4978 0.3705 24.0929 0.3599 23.6706 0.3502 23.7636 0.3405 23.8973 0.3300 23.6400 0.3200 23.5452 0.3123 23.4140 0.3024 23.7979 0.2874 22.9119 0.2760 23.2731 0.3415 23.0800 0.2693 22.8721 0.2502 23.3188 0.2670 22.9733 0.2540 23.1055 0.2159 22.9172 0.2065 23.3062 0.3043 22.7262 0.3050 22.9463 0.1672 22.6129 0.1481 22.4375 0.1406 22.5454 0.1349 22.5690 0.1363 22.6308 0.1253 22.3596 0.1148 22.2677 0.1111 22.2328 0.1055 22.0150 0.1075 22.0398 0.0925 22.0093 0.0955 21.9921 0.1029 21.8191 0.0966 21.8504 0.1000 21.6966 0.0812 21.6426 0.0743 21.3484 0.0677 21.2417 0.0769 21.3293 0.0746 21.3210 0.0669 21.1585 0.0675 1.0212 14.35
40  31.4265 2.5636 26.9118 1.1922 25.2592 0.4820 23.7415 0.2363 22.8772 0.2323 22.3524 0.3782 30.4857 2.3361 25.7165 2.3036 29.1798 2.2583 28.0761 2.2030 24.8125 2.1353 26.2008 2.0408 32.0995 1.9341 29.2067 1.8437 26.5839 1.7505 28.2587 1.6317 26.5787 1.5287 26.7274 1.6798 24.7575 1.4083 25.0012 1.3377 26.4028 1.3515 27.3225 1.2150 22.6252 1.0417 25.3279 1.0082 24.5308 1.3299 25.1735 1.3547 25.1650 0.8882 24.2765 0.8058 24.2406 0.7848 26.0410 0.7827 24.7358 0.7650 23.8789 0.6954 24.5745 0.6817 23.8664 0.7227 23.3661 0.6860 24.5891 0.6714 24.3742 0.5578 23.9385 0.5049 23.4420 0.4975 24.3480 0.4929 23.3790 0.5296 24.4920 0.4356 23.6596 0.4311 23.4217 0.4118 23.8708 0.4430 23.2393 0.4045 23.3618 0.3545 23.0105 0.3513 0.8811 4.23
41  24.4054 0.5026 23.8371 0.1449 22.6069 0.0645 21.5446 0.0372 20.9327 0.0434 20.9575 0.0692 23.3362 0.4202 24.1407 0.4042 24.2053 0.3888 23.7454 0.3738 23.3423 0.3577 23.7169 0.3421 23.6608 0.3277 23.9059 0.3155 23.8538 0.3001 23.4754 0.2804 23.7252 0.2643 23.3141 0.3237 23.6481 0.2505 23.1125 0.2237 23.0510 0.2302 23.0570 0.2157 23.1545 0.1802 22.5919 0.1681 22.8809 0.2433 22.5290 0.2433 22.6560 0.1334 22.4766 0.1231 22.2915 0.1172 22.4372 0.1064 22.1866 0.1087 22.2400 0.1057 21.9680 0.0966 21.9735 0.0940 22.0301 0.0823 21.5117 0.0760 21.7133 0.0705 21.4930 0.0769 21.5603 0.0791 21.5724 0.0761 21.4853 0.0835 21.5708 0.0682 21.4198 0.0652 21.4138 0.0626 21.2213 0.0693 21.2715 0.0664 21.1845 0.0609 21.1559 0.0622 0.8273 13.57
42  24.2717 1.3083 25.0809 0.4930 24.9101 0.2358 23.2094 0.1188 22.1033 0.1070 21.9776 0.1638 25.4803 1.1198 25.5559 1.0962 24.6025 1.0756 28.2625 1.0572 24.3853 1.0389 26.4990 1.0155 26.5594 0.9908 26.0137 0.9685 24.6389 0.9386 25.3603 0.8898 23.8417 0.8460 24.0307 0.9853 25.1813 0.8021 24.7650 0.7409 25.2330 0.7664 24.3148 0.7227 24.8795 0.6180 24.8446 0.5903 24.6499 0.8231 23.5839 0.8124 24.6882 0.4661 23.7206 0.4117 23.3123 0.3964 24.2004 0.3849 23.9061 0.3937 24.1067 0.3663 23.5081 0.3388 23.8946 0.3290 23.4805 0.3107 22.9785 0.3183 22.2117 0.2765 23.2999 0.2830 23.2764 0.3066 22.9731 0.3052 23.3212 0.3197 22.8736 0.2534 22.8540 0.2298 22.8963 0.1965 22.8630 0.2114 22.2935 0.2065 22.6622 0.1883 22.6407 0.1873 1.0328 7.98
43  24.3720 0.6279 23.6956 0.1194 21.8769 0.0418 20.8668 0.0279 20.4457 0.0315 20.2668 0.0443 24.0891 0.4535 23.8778 0.4112 23.1517 0.3730 23.6812 0.3343 23.7332 0.3002 23.2758 0.2713 23.2103 0.2546 22.9578 0.2345 23.4357 0.1995 22.7619 0.1768 22.9279 0.1671 22.8116 0.2040 22.6765 0.1562 22.2854 0.1407 22.9107 0.1483 22.3925 0.1438 22.3379 0.1151 22.0031 0.1042 22.2293 0.1635 22.2682 0.1792 22.0356 0.0978 21.9940 0.0798 21.6679 0.0644 21.5655 0.0596 21.4563 0.0633 21.3892 0.0603 21.3634 0.0571 21.4106 0.0561 21.3053 0.0502 21.1440 0.0492 20.9752 0.0448 20.9635 0.0465 20.9239 0.0480 20.8716 0.0464 20.8081 0.0486 20.7640 0.0413 20.8734 0.0418 20.7719 0.0421 20.6856 0.0469 20.7412 0.0463 20.6915 0.0438 20.6320 0.0455 0.6595 5.10
44  29.1368 1.3938 25.7951 0.4549 23.4995 0.1337 22.4275 0.0631 21.4416 0.0587 21.3984 0.0954 26.4537 1.2014 22.8421 1.1854 25.6633 1.1536 23.6810 1.1145 27.0966 1.0608 26.4690 0.9934 25.2650 0.9046 25.8976 0.8302 25.3232 0.7607 25.3589 0.6823 23.7170 0.6124 25.7300 0.6926 23.4927 0.5291 23.7023 0.4864 23.4479 0.5082 23.5434 0.4408 23.5084 0.3428 23.8375 0.3232 23.6868 0.4722 23.5840 0.4860 22.9826 0.2805 22.9918 0.2489 23.5741 0.2371 23.7010 0.2386 23.0758 0.2405 23.2642 0.2090 23.0630 0.1948 23.0101 0.2079 22.8626 0.2086 23.0740 0.2095 22.6923 0.1765 22.3638 0.1559 22.2837 0.1377 22.2263 0.1308 22.2942 0.1456 22.0998 0.1180 22.1058 0.1154 22.0597 0.1124 22.0229 0.1207 21.8473 0.1095 21.6450 0.0942 21.6956 0.0919 0.8961 2.97
45  23.0962 1.2117 25.4374 0.4323 24.0502 0.1879 22.9277 0.0936 21.9009 0.0998 22.0675 0.1690 27.1785 1.0555 25.0846 1.0308 25.3157 1.0030 25.2366 0.9746 24.9678 0.9429 24.1483 0.9080 23.5951 0.8686 24.0859 0.8360 24.5840 0.8001 26.2732 0.7518 23.9970 0.7093 25.3962 0.8285 25.0037 0.6618 24.0773 0.6170 24.2152 0.6471 24.6311 0.5925 24.7964 0.4889 23.8753 0.4623 23.8632 0.6522 25.0461 0.6608 24.1933 0.3869 24.2247 0.3427 23.5287 0.3231 23.9769 0.3203 24.3560 0.3323 23.4017 0.2948 23.3157 0.2676 23.3640 0.2755 23.0366 0.2608 23.0583 0.2596 23.0176 0.2317 22.7306 0.2209 22.5624 0.2065 22.8129 0.2007 22.6476 0.2196 23.0125 0.1771 22.5825 0.1761 22.3791 0.1758 22.8038 0.1941 22.6307 0.1774 22.4825 0.1542 22.1887 0.1525 0.8943 9.53
46  23.1181 2.3195 24.6865 0.5188 23.5497 0.1639 23.0374 0.1166 22.3758 0.1592 22.2565 0.2664 25.8906 1.4226 25.3855 1.3084 25.5571 1.1451 25.1905 1.0726 25.5467 1.0259 24.7483 0.9788 25.6035 0.9219 25.2757 0.8839 24.3623 0.8561 25.8830 0.7581 25.6120 0.7169 25.5459 0.9153 24.1060 0.7542 22.9108 0.6443 23.9551 0.5596 23.5010 0.4970 24.2890 0.4441 23.6190 0.4239 23.4991 0.6061 22.9837 0.5982 23.8095 0.3345 23.4712 0.2881 23.5721 0.2721 23.2396 0.2658 23.5152 0.2784 23.4367 0.2593 23.1426 0.2487 23.3424 0.2538 23.0885 0.2407 22.7848 0.2585 23.0124 0.2473 23.1196 0.2758 23.3266 0.2788 23.3117 0.2594 23.2009 0.2772 22.9213 0.2324 23.2361 0.2302 23.1142 0.2279 22.7714 0.2617 22.9672 0.2527 23.1418 0.2340 22.4658 0.2429 0.4616 3.88
47  25.2083 2.2425 27.0075 1.0561 26.0215 0.5384 24.2701 0.2851 23.2785 0.3104 23.3423 0.5034 28.0458 2.0366 28.6884 2.0014 28.0990 1.9624 26.3873 1.9224 28.5461 1.8781 32.3444 1.8281 26.1602 1.7730 26.8765 1.7277 23.3719 1.6761 27.0548 1.6034 24.3402 1.5395 25.9957 1.7257 25.9619 1.4687 26.6576 1.3968 27.0130 1.4419 25.6705 1.3496 26.1070 1.1743 27.4562 1.1277 24.4484 1.4595 25.4303 1.4726 23.4410 0.9767 25.1327 0.8859 25.2025 0.8460 24.7354 0.8448 23.2561 0.8625 25.4881 0.7787 25.0801 0.7283 24.6560 0.7484 24.8506 0.7037 23.8796 0.7019 23.1768 0.6330 24.9976 0.6025 24.3816 0.5855 23.6071 0.5778 24.2545 0.6188 23.2823 0.5132 23.7531 0.5143 24.2655 0.5107 23.9852 0.5557 23.3342 0.5135 23.2749 0.4545 24.1687 0.4529 0.8885 10.17
48  24.3817 2.7034 27.2622 1.1394 25.4550 0.5014 24.3480 0.3469 24.5011 0.4721 24.2780 0.7407 23.3662 2.3061 26.1598 2.2240 30.4878 2.1425 23.9568 2.0684 24.6196 2.0029 28.8243 1.9003 27.8335 1.7929 27.5302 1.7291 26.4048 1.6587 26.3376 1.5711 27.2737 1.4911 25.0131 1.6592 25.4661 1.4338 25.3692 1.3433 27.5030 1.3345 26.6717 1.3089 25.3639 1.1813 21.9597 1.1172 25.8599 1.4060 27.6968 1.3184 25.6181 0.8685 23.7889 0.8142 25.2271 0.7865 23.6262 0.7894 25.0734 0.8108 24.2709 0.7511 24.7437 0.6948 24.5717 0.6821 24.8634 0.6435 24.8304 0.6689 24.6641 0.6297 24.0280 0.6680 23.3405 0.7113 23.7798 0.6996 24.4343 0.7511 24.8486 0.6525 23.5036 0.6629 24.4462 0.6752 25.3179 0.7476 24.1803 0.7146 24.0255 0.6509 23.5049 0.6570 0.5787 11.64
49  29.4595 1.4975 25.1811 0.3509 23.1011 0.1150 22.4417 0.0690 21.9788 0.0916 21.6734 0.1537 23.9504 1.0689 27.7551 0.9826 25.5211 0.9046 25.3128 0.8437 24.5844 0.8000 24.6862 0.7141 23.9237 0.6335 24.3764 0.6026 24.2876 0.5717 25.2342 0.5334 24.4822 0.4966 24.5234 0.5875 23.7950 0.4757 23.9533 0.4210 23.6780 0.4231 24.2108 0.4249 23.3548 0.3815 23.8864 0.3505 23.4510 0.4546 23.3273 0.3967 23.1410 0.2229 23.4624 0.2073 23.1370 0.1984 23.2539 0.1958 22.8324 0.1967 22.7906 0.1769 22.6082 0.1591 22.5626 0.1539 22.6136 0.1415 22.3231 0.1475 22.6016 0.1362 22.4467 0.1446 22.3009 0.1560 22.2063 0.1520 22.3396 0.1668 22.2962 0.1410 22.0218 0.1436 22.4303 0.1476 22.2278 0.1643 22.3366 0.1518 22.1125 0.1355 22.1351 0.1389 0.5782 6.01
50  24.7182 0.5428 24.2357 0.2195 23.7863 0.1732 22.8539 0.1004 21.9465 0.0895 21.5732 0.1276 24.6638 0.5704 24.1051 0.5748 24.1855 0.5611 25.0937 0.5327 24.5134 0.5133 24.9679 0.4964 24.6248 0.4830 24.7196 0.4750 23.3792 0.4647 24.3746 0.4494 23.9757 0.4396 24.0978 0.5453 24.1776 0.4443 24.3038 0.4240 23.7100 0.4629 23.3651 0.4554 24.0982 0.4035 23.8181 0.3977 22.8325 0.5879 24.0302 0.6154 23.3170 0.3704 22.9352 0.3409 24.0065 0.3318 24.2836 0.3274 23.7973 0.3372 23.4334 0.3143 24.0928 0.2925 23.7207 0.2851 23.0986 0.2608 23.3326 0.2637 22.9005 0.2375 22.9679 0.2475 23.2732 0.2508 22.9460 0.2342 22.9349 0.2461 22.8178 0.2006 22.8963 0.1974 22.6928 0.1876 22.5617 0.1982 22.4251 0.1775 22.1229 0.1570 22.3265 0.1580 1.6195 6.53
51  24.2004 0.5163 23.0626 0.0786 21.3826 0.0312 20.5425 0.0252 20.1609 0.0274 19.9194 0.0364 23.2498 0.3033 23.2531 0.2685 22.9057 0.2392 23.2718 0.2197 23.4964 0.2033 22.8468 0.1723 22.8310 0.1511 22.6542 0.1436 22.5614 0.1354 22.6238 0.1251 22.3466 0.1154 22.5200 0.1405 22.2447 0.1104 21.9981 0.0946 21.9661 0.0976 21.9525 0.1006 22.0291 0.0884 22.0081 0.0796 21.6011 0.0978 21.2847 0.0866 21.3380 0.0527 21.2584 0.0491 21.1935 0.0474 21.1527 0.0465 20.9955 0.0460 20.9069 0.0424 20.8174 0.0394 20.6776 0.0387 20.6674 0.0364 20.6100 0.0372 20.6320 0.0352 20.5889 0.0368 20.5738 0.0389 20.5776 0.0377 20.5315 0.0403 20.4678 0.0359 20.5326 0.0364 20.3923 0.0368 20.4805 0.0389 20.3332 0.0369 20.2856 0.0347 20.3152 0.0353 0.5713 5.05
52  25.1826 1.0825 24.5860 0.3705 23.4491 0.1541 22.4274 0.0761 21.8698 0.0752 21.6102 0.1249 24.9730 0.9288 25.6204 0.9086 25.2987 0.8881 24.9308 0.8636 25.1524 0.8366 22.3701 0.8062 24.6973 0.7722 25.1141 0.7373 25.2646 0.6997 24.5323 0.6552 24.1368 0.6155 25.1077 0.7187 24.2835 0.5655 24.8073 0.5155 24.3433 0.5440 23.7178 0.5166 23.5307 0.4216 24.1611 0.3794 23.4079 0.5392 24.4753 0.5501 23.7873 0.3187 23.8129 0.2842 23.8567 0.2683 23.3591 0.2569 23.9507 0.2669 23.5338 0.2551 23.0630 0.2270 23.0751 0.2130 23.0212 0.2036 23.2088 0.2198 23.1796 0.1987 22.7962 0.2051 22.6758 0.1907 22.4676 0.1595 22.3868 0.1664 22.4346 0.1399 22.1029 0.1380 22.2083 0.1352 22.4053 0.1554 22.1750 0.1450 21.9391 0.1260 21.8266 0.1218 0.9285 7.91
53  28.0003 2.5119 25.2099 1.2060 24.4331 0.4786 24.2565 0.2430 22.7830 0.2038 22.7522 0.3125 26.9156 2.2143 28.9599 2.1922 26.6530 2.1757 28.4556 2.1606 24.7154 2.1262 23.9356 2.0820 27.8314 2.0229 25.8335 1.9623 26.2643 1.8598 26.5689 1.7361 28.4305 1.6339 28.5439 1.7914 26.8043 1.4860 24.8297 1.3592 26.3070 1.3682 24.0267 1.2881 26.3295 1.1509 24.8249 1.0935 22.7527 1.3379 26.9049 1.2852 26.8048 0.8378 24.2722 0.7732 24.9809 0.7510 24.8939 0.7366 25.3565 0.7473 24.9426 0.7024 23.5045 0.6786 24.5190 0.6739 24.3535 0.5925 23.8997 0.5831 23.7499 0.5636 24.9794 0.6421 25.0629 0.6793 24.3350 0.6279 24.6608 0.6018 23.7518 0.4204 23.6482 0.3788 23.9797 0.3794 24.1885 0.4384 24.0716 0.4135 23.2818 0.3739 24.0915 0.3717 0.9879 3.40
54  22.4723 1.3742 23.8172 0.1302 21.8960 0.0393 21.1068 0.0307 20.8000 0.0363 20.6262 0.0550 23.7814 0.4904 24.1339 0.4251 23.9457 0.3395 23.3985 0.3106 23.7875 0.2957 23.5512 0.2812 23.6710 0.2616 23.4612 0.2512 23.0188 0.2396 23.4988 0.2016 23.1732 0.1935 23.1749 0.2723 22.9850 0.2188 22.8151 0.1718 22.5347 0.1373 22.1523 0.1182 22.3147 0.1054 22.1320 0.1003 22.2117 0.1460 22.0549 0.1407 21.9093 0.0756 21.6211 0.0650 21.6319 0.0612 21.5355 0.0596 21.3957 0.0618 21.4256 0.0577 21.3669 0.0554 21.2977 0.0564 21.3162 0.0537 21.3285 0.0571 21.2436 0.0550 21.4489 0.0607 21.3242 0.0607 21.1084 0.0559 21.0486 0.0594 21.1664 0.0510 20.9945 0.0504 21.0634 0.0501 20.9833 0.0561 20.9882 0.0542 20.8696 0.0508 21.0000 0.0525 0.4611 1.04
55  31.3819 3.5814 26.0654 0.9298 24.5049 0.3043 23.6885 0.2137 23.6779 0.2853 23.9454 0.4627 27.0889 2.1400 26.2079 1.9430 25.3686 1.7282 28.7942 1.6599 24.0128 1.6101 24.3839 1.5564 27.0607 1.4853 29.2984 1.4602 27.5738 1.3887 28.7665 1.2476 26.4241 1.2468 25.0248 1.5513 26.5968 1.3019 26.7381 1.0684 25.2978 0.9277 24.9220 0.8673 24.4567 0.7880 23.9833 0.7508 26.2030 1.0062 23.7746 0.9770 23.7324 0.5813 23.7864 0.5081 24.2916 0.4810 24.3685 0.4734 23.3581 0.4890 24.5722 0.4565 23.5864 0.4445 24.5283 0.4493 24.7807 0.4334 24.5205 0.4618 23.7747 0.4467 23.6229 0.4854 23.5525 0.4782 22.7794 0.4490 23.4340 0.4875 23.5148 0.4114 23.8484 0.4058 23.9926 0.4033 23.5787 0.4582 23.2066 0.4444 23.2643 0.4154 23.7587 0.4276 0.4543 1.28
56  25.3499 0.9263 24.5648 0.2930 23.0198 0.0943 22.0140 0.0486 20.9067 0.0408 20.6796 0.0575 23.4980 0.7413 22.9715 0.7271 25.4554 0.7166 24.9992 0.7086 24.7814 0.6985 24.6151 0.6781 24.8467 0.6548 23.8158 0.6280 23.5069 0.5922 24.1461 0.5338 23.9102 0.4846 24.8645 0.5593 24.0411 0.4250 24.0118 0.3725 23.7154 0.3746 23.3287 0.3398 23.8775 0.2795 23.8106 0.2667 23.7104 0.3818 23.2155 0.3551 22.8135 0.1847 22.8959 0.1647 22.8067 0.1591 22.8434 0.1558 22.8853 0.1607 22.5675 0.1492 22.2588 0.1379 22.7321 0.1380 22.4397 0.1292 22.3967 0.1241 22.1127 0.1081 21.8735 0.1180 22.2862 0.1352 22.2432 0.1340 22.1051 0.1376 22.0331 0.1020 21.8723 0.0836 21.5069 0.0726 21.5380 0.0811 21.4478 0.0798 21.4833 0.0723 21.3891 0.0719 1.0193 3.50
57  25.9528 1.1038 25.0946 0.3943 23.7309 0.1961 22.7846 0.0987 22.1958 0.0978 22.0678 0.1581 26.1133 0.9481 26.2036 0.9256 25.9649 0.9055 24.9043 0.8868 25.4576 0.8644 25.2715 0.8408 25.1905 0.8164 25.4245 0.7965 24.7743 0.7673 24.5622 0.7278 23.4772 0.6968 24.2397 0.8261 24.4202 0.6656 24.6262 0.6164 25.4832 0.6444 23.4161 0.6119 24.4696 0.5315 24.2029 0.5044 24.7177 0.6859 24.2903 0.6773 23.0882 0.3997 22.9441 0.3585 24.1080 0.3412 23.6146 0.3285 23.5523 0.3316 23.5456 0.3058 23.5882 0.2874 23.2493 0.2904 23.7020 0.2590 22.5953 0.2496 23.1224 0.2317 23.3319 0.2574 23.0761 0.2624 22.9244 0.2450 22.8161 0.2506 22.5923 0.1803 22.7546 0.1675 22.6122 0.1700 22.6254 0.1945 22.3974 0.1825 22.3912 0.1665 22.2663 0.1701 0.9868 10.71
58  27.0792 2.1714 28.2721 1.0002 25.6856 0.5000 23.5702 0.1895 22.4744 0.1663 22.3941 0.1948 24.8027 1.9531 25.8512 1.8900 25.3854 1.8289 28.0796 1.7752 25.5825 1.7263 28.6788 1.6814 25.0397 1.6452 25.5686 1.6222 24.3715 1.6141 24.4276 1.6007 25.4728 1.6023 24.4818 1.8670 27.6485 1.6613 27.3080 1.5995 24.9488 1.6682 23.4750 1.5985 26.7624 1.4162 26.7249 1.3087 24.3379 1.5719 24.6573 1.5104 24.7041 0.9627 25.2726 0.8402 24.0291 0.7614 25.6362 0.6979 25.0572 0.6762 24.0887 0.6078 24.1634 0.5561 24.1300 0.5509 23.8576 0.5058 24.7284 0.4717 23.6067 0.3901 23.0424 0.3955 23.7711 0.4151 23.5730 0.3992 23.1132 0.4285 23.3226 0.3557 23.6255 0.3474 23.9317 0.3376 23.4891 0.3791 22.9431 0.3723 23.1790 0.3325 23.0535 0.3083 1.3487 1.03
59  22.3934 0.1045 20.7107 0.0238 19.1853 0.0219 18.6326 0.0217 18.3360 0.0218 18.2170 0.0224 21.1003 0.0441 20.9947 0.0414 20.8933 0.0389 20.7939 0.0377 20.6549 0.0346 20.5867 0.0332 20.5936 0.0339 20.5235 0.0326 20.2505 0.0295 19.9057 0.0268 19.8262 0.0264 19.7684 0.0277 19.7502 0.0260 19.6178 0.0253 19.4908 0.0251 19.3675 0.0245 19.2842 0.0239 19.2321 0.0238 19.1915 0.0250 19.1092 0.0250 19.0858 0.0234 19.0325 0.0232 19.0561 0.0232 19.0388 0.0232 19.0211 0.0234 18.9507 0.0232 18.8442 0.0230 18.8312 0.0230 18.7913 0.0228 18.7060 0.0228 18.7215 0.0227 18.6927 0.0228 18.6784 0.0230 18.6334 0.0228 18.6627 0.0229 18.5306 0.0225 18.5438 0.0225 18.4960 0.0225 18.5105 0.0228 18.5266 0.0227 18.4594 0.0226 18.4317 0.0226 0.3260 4.53
60  23.6893 1.0663 24.7532 0.2860 23.0410 0.1021 22.3692 0.0635 21.7415 0.0860 21.7810 0.1453 24.7076 0.8390 24.5475 0.7955 24.7883 0.7499 24.5793 0.7057 24.1697 0.6624 23.1380 0.6288 24.8794 0.5902 24.3801 0.5386 24.1748 0.4976 23.9310 0.4621 24.6451 0.4315 23.5422 0.5098 23.0566 0.3916 23.4123 0.3555 23.5850 0.3858 23.7859 0.3528 23.6205 0.2841 23.1368 0.2807 24.1199 0.4130 23.8414 0.4117 23.3206 0.2204 22.7555 0.1742 22.9617 0.1673 22.6757 0.1677 22.5500 0.1721 22.7379 0.1660 22.9501 0.1567 22.3181 0.1495 22.3282 0.1329 22.4270 0.1342 22.5499 0.1243 22.4530 0.1341 22.3216 0.1421 22.4635 0.1352 22.3344 0.1483 22.3773 0.1244 22.1392 0.1246 22.3461 0.1261 22.1761 0.1479 21.9665 0.1452 22.2903 0.1339 22.2132 0.1330 0.6281 10.98
61  25.9761 0.6828 24.2017 0.2794 23.8349 0.2209 23.2347 0.1374 22.3284 0.1279 21.8702 0.1748 24.9909 0.7238 25.1968 0.7048 23.5091 0.6676 25.1746 0.6459 24.9281 0.6263 23.9450 0.6109 23.5356 0.5980 24.0660 0.5911 23.7900 0.5820 25.4706 0.5652 24.0764 0.5542 23.7129 0.6815 24.8197 0.5615 24.3167 0.5372 22.9333 0.5836 24.5428 0.5735 23.8487 0.5097 23.3933 0.5003 25.6799 0.7201 25.4434 0.7494 23.7007 0.4595 24.1453 0.4224 24.0662 0.4115 24.5709 0.4035 23.8639 0.4158 23.2045 0.3932 23.3783 0.3710 23.5230 0.3654 23.5199 0.3359 23.3364 0.3412 23.2133 0.3119 23.2876 0.3276 23.4069 0.3364 23.2929 0.3227 23.2658 0.3440 23.3138 0.2743 23.2765 0.2572 22.7342 0.2435 22.7660 0.2713 22.8181 0.2562 22.9325 0.2284 22.6156 0.2272 1.5525 9.37
62  23.2249 0.2427 22.3425 0.0455 20.7245 0.0253 20.0490 0.0233 19.7399 0.0246 19.6104 0.0299 22.7463 0.1548 22.8535 0.1414 22.3676 0.1309 22.4909 0.1222 22.2119 0.1084 22.1372 0.0969 22.0071 0.0904 22.0763 0.0849 21.9275 0.0789 21.8996 0.0720 21.7096 0.0672 21.6907 0.0821 21.5260 0.0616 21.4262 0.0554 21.3046 0.0607 21.3195 0.0574 21.2086 0.0488 21.0312 0.0425 20.8636 0.0530 20.8234 0.0557 20.7868 0.0369 20.6836 0.0347 20.6108 0.0342 20.5175 0.0331 20.4555 0.0328 20.4146 0.0315 20.2540 0.0305 20.2589 0.0306 20.2227 0.0295 20.2061 0.0296 20.1563 0.0290 20.1605 0.0302 20.1884 0.0312 20.0276 0.0307 20.0559 0.0322 20.0280 0.0297 20.0600 0.0294 19.9905 0.0292 19.9575 0.0306 19.8828 0.0299 19.8902 0.0288 19.8732 0.0289 0.5421 9.77
63  26.2445 1.9220 25.7464 0.8563 24.7643 0.4540 23.8950 0.2370 23.2093 0.2240 22.3953 0.3457 29.7874 1.7044 28.6006 1.6746 23.3773 1.6481 25.8150 1.6242 23.8262 1.5974 25.9662 1.5650 24.2938 1.5320 27.8017 1.5028 25.8238 1.4623 27.1447 1.3987 26.2364 1.3468 23.9636 1.5321 27.6189 1.2948 23.6859 1.2132 25.2777 1.2532 25.1122 1.1960 25.9661 1.0582 23.4767 1.0244 26.3248 1.3294 27.0190 1.3014 26.1234 0.8292 25.5841 0.7588 24.0909 0.7297 25.1671 0.7105 25.3743 0.7200 24.6158 0.6730 24.4159 0.6275 25.1304 0.6243 24.2387 0.5917 23.9166 0.5792 25.3708 0.5132 24.5611 0.5529 24.6818 0.5972 24.2547 0.5659 23.4043 0.5855 24.6516 0.4614 23.2536 0.4018 23.5928 0.3748 24.3133 0.4322 23.4001 0.4165 23.2965 0.3739 23.9152 0.3797 1.0106 9.11
64  23.0925 2.5328 25.8546 0.9893 25.0941 0.4031 23.7409 0.2346 23.9441 0.3119 23.2111 0.4992 23.4504 2.1443 27.1463 2.0564 23.7012 1.9614 28.1844 1.8671 27.8485 1.7752 26.7959 1.7060 25.0926 1.6380 26.7452 1.5206 26.1548 1.4189 29.8420 1.3512 25.4004 1.2931 25.1672 1.4641 23.7622 1.2168 25.8320 1.1339 26.0465 1.2020 23.6730 1.1312 25.1536 0.9569 25.8634 0.9469 25.4554 1.2985 24.2856 1.2953 24.2281 0.8042 23.8228 0.6450 25.3318 0.5982 24.6998 0.6055 23.1996 0.6221 24.7105 0.5950 25.2007 0.5653 24.3106 0.5410 24.7585 0.4854 24.6177 0.4844 23.6901 0.4471 24.3511 0.4758 23.5706 0.5013 24.2881 0.4789 23.6721 0.5136 24.2049 0.4398 23.6479 0.4414 24.1790 0.4454 23.8628 0.5148 23.4651 0.5056 25.0207 0.4757 23.6444 0.4713 0.6345 7.69
65  24.2372 1.0170 24.8794 0.3203 23.4874 0.1264 22.3419 0.0704 21.9650 0.0937 21.9149 0.1557 23.7585 0.8570 24.5545 0.8238 25.3841 0.7900 25.5571 0.7581 25.1569 0.7265 24.5939 0.6924 25.6064 0.6589 25.2072 0.6296 23.9506 0.6004 24.1425 0.5650 24.2685 0.5230 24.9696 0.6054 25.1232 0.4743 24.2182 0.4333 24.4068 0.4504 23.5605 0.4194 23.2070 0.3499 23.5976 0.3278 23.5647 0.4885 23.0987 0.4858 23.2679 0.2626 23.4026 0.2414 23.0393 0.2352 23.0116 0.2227 22.9823 0.2251 22.6260 0.1900 22.9491 0.1693 22.7148 0.1729 22.7034 0.1597 22.7090 0.1643 22.8482 0.1561 22.5593 0.1667 22.7234 0.1673 22.2378 0.1548 22.5058 0.1638 22.1711 0.1341 22.0532 0.1335 22.1486 0.1341 22.3143 0.1518 22.1797 0.1463 22.0445 0.1359 22.1662 0.1395 0.7386 12.93
66  27.7090 2.1445 25.9596 0.9484 24.5867 0.3187 23.1927 0.1594 22.3990 0.1209 22.1249 0.1716 28.5212 1.8075 29.0854 1.7732 26.6256 1.7579 25.8398 1.7484 28.1611 1.7427 24.5632 1.7321 26.5172 1.6987 30.2570 1.6641 26.5014 1.6009 24.9912 1.5111 26.9071 1.3935 23.9942 1.5125 25.9729 1.2258 24.1180 1.1096 26.0495 1.1004 23.8125 1.0057 24.1225 0.8457 25.3731 0.7797 23.2984 1.0516 24.1973 1.0662 24.4066 0.6239 24.9599 0.5133 24.3114 0.4812 23.6266 0.4764 24.4204 0.4916 24.1401 0.4693 24.5650 0.4407 23.5380 0.4289 24.0116 0.3986 24.5768 0.4213 23.3010 0.3770 24.3140 0.3719 23.4596 0.3811 23.4366 0.3894 23.9053 0.4535 23.5337 0.3799 23.2582 0.3522 23.5864 0.3015 22.6518 0.2779 22.8370 0.2406 22.8370 0.2205 22.8102 0.2295 1.0610 2.19
67  22.5117 1.7195 25.5580 0.7326 24.9784 0.3990 23.8491 0.2089 22.9544 0.1850 22.4870 0.2729 29.3899 1.5028 27.5196 1.4749 26.8416 1.4501 25.6836 1.4275 25.7752 1.4057 25.4928 1.3844 26.1584 1.3592 25.0393 1.3386 26.2669 1.3077 24.1204 1.2606 26.8286 1.2163 26.8507 1.3907 23.0528 1.1667 25.4924 1.0978 26.0017 1.1394 24.7489 1.0855 25.5929 0.9499 25.5560 0.9022 24.4271 1.1992 25.0326 1.2256 23.9013 0.7809 24.2802 0.6808 24.4088 0.6357 25.1841 0.6206 24.5294 0.6338 23.7890 0.5975 24.7233 0.5599 23.5992 0.5436 23.7315 0.4974 23.7417 0.5087 24.2725 0.4824 24.1079 0.4973 24.3822 0.4829 23.9063 0.4616 23.8849 0.5146 23.0499 0.4328 23.3997 0.4143 23.4591 0.3962 23.4465 0.4013 24.0266 0.3406 22.8713 0.3044 23.5134 0.3156 1.0748 8.59
68  21.4428 4.5047 28.8387 1.4272 24.6193 0.5361 24.3558 0.3469 23.9965 0.4507 22.4933 0.7037 22.9954 2.8127 24.7979 2.6936 27.6953 2.5553 28.8467 2.2804 26.9518 2.1479 27.0297 2.0985 29.4275 2.0530 23.1722 1.9967 29.5848 1.9310 24.8331 1.8962 28.6922 1.7534 25.5411 1.9102 26.1544 1.7595 23.2261 1.8030 25.4904 1.7977 25.6681 1.5024 23.3111 1.1604 25.9979 1.1159 23.0543 1.4935 25.9145 1.5051 26.3689 0.9959 24.9730 0.8718 24.3590 0.8075 23.1599 0.7626 26.8668 0.7674 23.4680 0.7317 24.7318 0.6996 24.4701 0.6795 24.0695 0.6494 24.1660 0.6816 25.1684 0.6516 24.1343 0.7147 25.2117 0.7621 23.5668 0.7622 23.5250 0.7803 24.6123 0.6347 24.8943 0.6275 24.5095 0.6363 24.3200 0.7083 24.8494 0.6785 23.5574 0.6275 24.0924 0.6382 0.4996 0.65
69  23.3036 2.3989 27.3751 1.0880 24.7049 0.3334 23.6124 0.1655 22.3971 0.1258 22.1746 0.1833 31.0291 2.0159 28.4374 1.9944 23.7143 1.9861 24.8289 1.9846 27.6563 1.9833 30.4178 1.9529 23.9919 1.9076 27.6425 1.8450 28.3921 1.7602 26.5690 1.6129 25.6240 1.4680 25.0035 1.5828 25.8895 1.2833 23.9390 1.1451 25.5016 1.1269 27.0018 1.0311 24.2366 0.8685 24.5077 0.8248 25.0814 1.1100 24.8389 1.0561 23.8110 0.5995 24.7729 0.5274 23.4285 0.5156 24.7505 0.5073 24.6257 0.5272 24.4063 0.4970 24.0185 0.4638 23.3659 0.4592 23.8108 0.4410 23.6198 0.4326 23.6433 0.3714 23.4627 0.3935 23.2807 0.4445 24.2708 0.4653 22.9636 0.4973 23.6808 0.3819 23.1212 0.3174 22.3393 0.2565 22.7562 0.2694 22.6546 0.2628 22.5051 0.2440 23.2378 0.2418 1.0316 1.57
70  26.7542 1.9433 25.0839 0.4591 23.5353 0.1552 23.1900 0.1183 22.5488 0.1646 22.0927 0.2769 26.6706 1.2864 25.5611 1.1557 24.7987 1.0542 25.6351 1.0010 26.1494 0.9479 25.6726 0.8902 25.8339 0.8328 22.8615 0.8096 25.1111 0.7559 23.7148 0.6747 24.8891 0.6712 25.3217 0.8166 24.6838 0.6327 24.6311 0.5134 24.3405 0.4860 23.7347 0.4766 24.0059 0.4121 24.2400 0.3962 24.4000 0.5639 23.3997 0.5544 23.8484 0.3100 23.4497 0.2748 23.4214 0.2647 23.4263 0.2638 23.5507 0.2714 23.2274 0.2598 23.3909 0.2537 23.3139 0.2558 23.1717 0.2465 23.3434 0.2629 22.9530 0.2539 23.1678 0.2683 23.3505 0.2729 23.3430 0.2597 23.2416 0.2837 22.8758 0.2339 23.3549 0.2319 22.3828 0.2328 22.9145 0.2685 22.8160 0.2617 22.9823 0.2434 22.8179 0.2471 0.4443 6.91
71  26.8096 1.6234 26.9044 0.6759 25.0024 0.3707 23.4808 0.1943 22.8802 0.1697 22.6728 0.2486 27.5944 1.4123 24.1227 1.3852 24.7580 1.3610 24.5457 1.3391 27.0922 1.3179 26.4718 1.2976 23.4814 1.2759 25.4697 1.2567 26.8165 1.2291 28.6694 1.1843 26.1122 1.1461 25.5977 1.3164 26.0810 1.0994 24.8867 1.0329 26.0779 1.0762 25.6248 1.0253 26.2405 0.8948 24.3293 0.8496 25.8334 1.1308 26.3545 1.1544 25.6256 0.7393 23.2876 0.6500 24.7400 0.5982 25.0274 0.5767 24.9090 0.5915 24.2862 0.5565 24.3269 0.5228 23.8224 0.5084 23.7913 0.4648 24.3105 0.4688 23.6494 0.4418 24.0132 0.4708 24.3964 0.4597 22.1345 0.4238 23.8913 0.4625 23.3838 0.3996 23.4252 0.3889 23.1051 0.3724 24.2012 0.3969 22.7535 0.3323 23.0344 0.2782 23.4040 0.2848 1.0896 8.61
72  23.8787 0.7775 24.3796 0.2540 23.4981 0.1301 22.2749 0.0670 21.6420 0.0736 21.5632 0.1243 24.9715 0.6631 24.6874 0.6443 24.2649 0.6268 24.5168 0.6086 24.8700 0.5902 25.0013 0.5713 24.6749 0.5531 22.8690 0.5382 23.3663 0.5201 24.9370 0.4953 23.4006 0.4755 24.8449 0.5747 24.2218 0.4575 24.0352 0.4237 23.4090 0.4499 23.9012 0.4298 23.9894 0.3624 23.7960 0.3358 24.0835 0.4789 23.5096 0.4852 23.1776 0.2753 23.1842 0.2430 23.5695 0.2281 23.0593 0.2173 23.1639 0.2199 22.9682 0.2135 22.8336 0.1983 22.9620 0.1820 22.6200 0.1652 22.7821 0.1749 22.6729 0.1570 22.5666 0.1640 22.5093 0.1664 22.3702 0.1438 22.2412 0.1475 22.2051 0.1241 22.1818 0.1223 22.0559 0.1196 21.9932 0.1386 22.2865 0.1345 21.8805 0.1192 21.8163 0.1161 0.9362 14.49
73  25.8448 0.9287 25.2691 0.4289 23.6028 0.3605 24.5549 0.2628 22.9521 0.2406 23.5338 0.3308 25.3323 0.9862 26.6382 0.9674 27.5853 0.9475 26.3616 0.9699 26.9175 0.9515 25.1704 0.9191 23.8281 0.8865 25.3116 0.8695 25.0764 0.8501 23.7743 0.8242 24.2845 0.8073 25.3184 0.9711 24.9444 0.8162 25.8859 0.7849 24.7201 0.8464 22.9246 0.8332 25.6310 0.7487 24.2705 0.7378 24.5988 1.0301 24.1286 1.0742 24.7778 0.7004 25.6695 0.6575 24.6380 0.6501 24.4472 0.6489 25.0388 0.6776 24.9594 0.6525 23.0400 0.6255 23.7682 0.6228 24.8373 0.5819 24.0567 0.5939 24.5947 0.5509 23.5872 0.5807 24.7106 0.5979 24.1961 0.5705 24.1810 0.5974 23.2073 0.4919 24.2123 0.4787 24.4463 0.4646 24.0314 0.5138 24.1088 0.4902 22.8079 0.4455 23.7361 0.4375 1.7515 8.44
74  28.5957 2.5809 27.1637 0.9737 24.6311 0.3902 23.7980 0.2322 23.6339 0.3085 23.5795 0.4969 25.2975 2.1412 26.7148 2.0419 25.7811 1.9389 27.3508 1.8410 26.9179 1.7599 25.3057 1.6964 25.3501 1.5757 22.9824 1.4623 26.6695 1.4028 25.6507 1.3339 24.1942 1.2752 27.3371 1.4364 29.3819 1.1938 25.7405 1.1421 26.0129 1.1700 26.5575 1.0740 25.2777 0.9726 25.0701 0.9767 26.3594 1.2697 24.6435 1.2303 24.7302 0.6979 24.1647 0.6104 24.4948 0.6094 25.5199 0.5974 24.6476 0.6183 24.3702 0.5863 23.8637 0.5368 24.3757 0.5104 24.4273 0.4634 24.4001 0.4728 23.2910 0.4413 23.7743 0.4751 23.9615 0.4883 23.8941 0.4761 22.9666 0.5218 23.9110 0.4403 23.0489 0.4468 23.6015 0.4546 23.3941 0.5261 24.0135 0.5134 23.2066 0.4568 23.7972 0.4542 0.6099 7.26
75  27.0624 2.4488 26.0170 0.7348 23.9248 0.2685 23.5043 0.1960 23.0493 0.2713 23.0332 0.4437 25.8214 1.7687 27.1428 1.6930 26.8505 1.5547 27.2114 1.4339 28.7331 1.3706 26.6509 1.3080 24.9285 1.2427 24.5768 1.1794 24.4553 1.1373 24.5119 1.0788 23.3200 0.9776 24.2648 1.1487 25.4763 0.9935 22.6556 0.9116 26.0509 0.8848 26.2471 0.7424 25.5696 0.6421 24.8088 0.6301 26.5428 0.8709 24.3199 0.8973 23.8604 0.5384 24.7555 0.4697 24.6561 0.4395 24.5213 0.4278 23.5050 0.4442 23.5215 0.4263 23.6814 0.4007 23.9654 0.4063 23.4604 0.3890 23.6100 0.4085 23.5828 0.3931 24.3703 0.4316 24.5030 0.4647 23.8083 0.4380 23.4926 0.4602 23.8370 0.3794 23.9449 0.3820 23.6405 0.3790 22.7529 0.4285 23.9021 0.4150 23.4574 0.3836 24.2242 0.3955 0.4787 7.23
76  23.7559 1.4757 25.9122 0.5187 24.4493 0.2075 23.0221 0.1199 22.7109 0.1644 22.5978 0.2721 23.9792 1.2610 23.0344 1.2144 25.7880 1.1705 25.9459 1.1283 27.1184 1.0819 27.2425 1.0344 25.6221 0.9872 25.1671 0.9517 25.0342 0.9125 25.0158 0.8430 24.7912 0.7810 25.6674 0.9076 25.2946 0.7287 25.8511 0.6684 23.3533 0.6888 25.6298 0.6433 24.1759 0.5532 25.3309 0.5419 24.3662 0.7279 24.0862 0.7131 24.2179 0.4419 24.4925 0.3974 23.9346 0.3742 23.5763 0.3509 23.4284 0.3239 23.6833 0.3035 23.3077 0.2938 23.7230 0.2877 23.6588 0.2712 23.7430 0.2852 23.0300 0.2581 23.2874 0.2661 22.9953 0.2696 23.3178 0.2583 22.8222 0.2787 22.9916 0.2317 22.7141 0.2301 22.7156 0.2281 23.0747 0.2657 22.7793 0.2586 22.6494 0.2365 22.8446 0.2439 0.7048 12.94
77  25.6689 0.8894 23.8904 0.3576 24.1399 0.2806 23.6699 0.1816 22.6795 0.1650 22.1949 0.2210 25.2778 0.8612 24.7223 0.8303 23.7260 0.8051 25.1144 0.7868 25.6406 0.7707 24.7115 0.7565 25.6550 0.7454 23.6466 0.7399 24.2886 0.7294 24.1586 0.7095 23.4350 0.6959 24.1422 0.8440 24.6368 0.7019 25.5834 0.6720 24.0114 0.7256 24.3943 0.7104 24.7298 0.6308 24.5585 0.6163 23.3608 0.8684 25.0516 0.8994 24.6500 0.5631 24.1890 0.5182 24.7151 0.5054 23.7608 0.4998 24.4292 0.5185 23.9304 0.4930 23.9285 0.4670 24.2611 0.4611 24.5195 0.4278 24.3204 0.4378 23.5412 0.4071 23.7703 0.4319 23.5686 0.4387 23.6939 0.4090 23.8624 0.4256 23.6181 0.3472 23.0244 0.3385 23.4591 0.3286 22.9211 0.3639 22.7808 0.3392 22.9906 0.3004 23.2035 0.2954 1.4520 13.09
78  28.0070 2.2219 25.0744 0.8106 24.8241 0.3276 24.1207 0.2296 24.1282 0.3201 23.3645 0.5211 28.1761 1.8350 23.8354 1.7593 28.7325 1.6850 25.6134 1.6245 24.4964 1.5497 25.2377 1.4461 26.3754 1.3691 24.8372 1.3133 26.0900 1.2486 25.7566 1.1680 25.2060 1.0973 28.6627 1.2626 25.2919 1.0644 24.3830 0.9491 23.8662 0.9827 26.1766 0.9696 24.7945 0.8340 24.1731 0.7819 25.8958 0.9690 25.4215 0.9600 23.6094 0.6170 24.0891 0.5604 23.9578 0.5518 24.5863 0.5484 24.1932 0.5497 23.5962 0.5045 24.3120 0.4716 24.5171 0.4690 23.6155 0.4432 24.2607 0.4613 24.2479 0.4293 24.0234 0.4684 23.6231 0.4994 24.3746 0.4869 24.5196 0.5332 24.2176 0.4577 23.6512 0.4673 23.6808 0.4626 23.2023 0.5163 23.3293 0.4898 24.0216 0.4462 23.8085 0.4557 0.5611 12.05
79  26.4135 1.4740 25.2705 0.3886 23.6125 0.1319 22.3656 0.0736 21.9419 0.0968 21.9741 0.1617 26.0162 1.1398 26.6433 1.0668 25.8449 0.9896 24.7076 0.9172 26.7408 0.8505 25.4562 0.8061 25.1784 0.7537 24.5243 0.6706 24.2487 0.6141 24.0922 0.5765 25.2122 0.5448 23.3414 0.6439 24.0972 0.5025 24.6669 0.4623 24.1808 0.4980 24.1177 0.4500 23.8619 0.3697 23.4220 0.3735 23.4769 0.5565 23.9779 0.5504 23.4857 0.2893 22.9729 0.2210 22.7930 0.2084 23.0933 0.2109 23.4962 0.2166 22.9917 0.2062 22.9502 0.1910 22.9050 0.1807 22.5201 0.1594 22.7532 0.1595 22.7360 0.1460 22.6357 0.1569 22.6225 0.1656 22.6421 0.1563 22.4022 0.1705 22.4063 0.1432 22.3838 0.1434 22.5463 0.1460 22.2979 0.1710 22.5199 0.1684 22.1756 0.1554 22.2231 0.1520 0.6290 6.55
80  25.3484 2.0670 27.1272 0.8830 24.8789 0.3216 23.1710 0.1561 22.4782 0.1355 22.5408 0.2181 29.7102 1.8088 28.2859 1.7889 26.0083 1.7733 28.9067 1.7452 24.2303 1.7050 24.9107 1.6518 24.4404 1.5907 23.3231 1.5100 24.4536 1.4127 26.6014 1.3103 25.4853 1.2252 24.5831 1.3538 26.1001 1.0912 24.8793 0.9897 25.3538 1.0059 25.4579 0.9673 24.0443 0.8367 26.0638 0.7399 25.4787 0.9478 23.7457 0.9632 23.9597 0.6036 25.5525 0.5519 24.6998 0.5317 23.6039 0.5137 24.7727 0.5223 23.0684 0.5061 23.8264 0.4752 24.7222 0.4381 23.1491 0.3956 23.5107 0.4290 23.7814 0.4296 24.4335 0.4571 24.2296 0.4449 23.9360 0.3731 23.8164 0.3353 22.7814 0.2610 23.1939 0.2659 23.0914 0.2662 22.8686 0.2964 22.8336 0.2821 22.4681 0.2472 22.2654 0.2375 0.9552 3.63
81  24.8533 0.9479 24.4552 0.2558 23.0961 0.0909 21.9749 0.0513 21.4658 0.0666 21.4724 0.1087 25.7911 0.7694 24.9377 0.7252 24.2450 0.6847 25.3930 0.6453 23.6364 0.6028 23.7217 0.5623 24.9963 0.5254 24.3416 0.5031 24.4241 0.4700 24.2127 0.4143 23.8940 0.3789 23.7340 0.4556 24.2820 0.3533 23.9645 0.3211 23.4063 0.3325 23.5635 0.3096 23.5157 0.2691 23.1612 0.2511 23.1908 0.3449 22.0232 0.3586 22.9270 0.2130 22.4889 0.1867 22.8980 0.1727 22.6662 0.1477 22.5100 0.1396 22.5026 0.1357 22.4024 0.1288 22.4086 0.1268 22.4366 0.1194 22.3065 0.1205 21.9930 0.1070 21.9994 0.1100 22.2108 0.1127 22.0475 0.1074 21.9180 0.1161 21.8210 0.0959 21.8554 0.0939 21.7864 0.0944 21.7162 0.1100 21.6859 0.1059 21.6592 0.0979 21.7218 0.1019 0.6916 9.26
82  23.2697 2.5472 24.8399 0.5555 23.8027 0.1715 23.1455 0.1183 22.6137 0.1604 22.7903 0.2680 28.2691 1.4964 23.6210 1.3949 25.3858 1.2105 26.1187 1.1157 24.9862 1.0714 26.4718 1.0278 25.3010 0.9740 24.1318 0.9302 24.0683 0.9087 24.3995 0.8113 23.9254 0.7512 25.9044 0.9552 25.2852 0.8204 24.7069 0.7155 24.4184 0.6195 24.0062 0.5203 24.3588 0.4609 24.1681 0.4461 23.5183 0.6325 24.5411 0.6284 23.7808 0.3519 24.2426 0.3014 23.1372 0.2818 23.5399 0.2726 23.1958 0.2854 23.0910 0.2671 22.8958 0.2518 22.8642 0.2577 23.2647 0.2438 23.4889 0.2615 23.1646 0.2499 23.5201 0.2794 23.2720 0.2895 22.5924 0.2661 23.3520 0.2807 22.8786 0.2352 23.0867 0.2346 22.9077 0.2315 22.6472 0.2647 22.8800 0.2551 22.6435 0.2352 22.9644 0.2442 0.4681 2.76
83  28.0087 2.0783 27.3679 0.8891 24.4857 0.3242 23.5159 0.1573 22.5887 0.1370 21.9850 0.2210 25.3315 1.8210 26.6973 1.8013 26.1991 1.7852 28.8359 1.7556 25.4643 1.7149 22.4204 1.6603 25.4104 1.5981 25.8402 1.5148 27.8903 1.4178 26.2655 1.3157 27.1969 1.2300 25.0555 1.3582 23.5184 1.0956 25.3928 0.9940 25.4434 1.0121 26.9774 0.9749 25.3543 0.8391 25.6125 0.7399 24.0016 0.9528 25.0561 0.9713 23.9949 0.6089 24.5747 0.5571 24.1920 0.5359 23.9459 0.5175 23.5111 0.5272 23.4247 0.5120 24.7988 0.4768 23.5385 0.4393 24.2197 0.4002 23.1535 0.4368 24.0730 0.4357 24.5295 0.4593 22.9431 0.4446 23.5877 0.3688 23.1225 0.3344 23.3890 0.2642 22.9431 0.2698 22.3194 0.2687 23.3685 0.2994 23.1390 0.2848 22.9310 0.2484 22.5608 0.2389 0.9524 3.64
84  24.7258 3.6411 26.4796 1.3970 24.9115 0.5194 23.6560 0.2301 23.7567 0.2802 23.0566 0.4340 31.5706 3.2292 34.5777 2.9701 34.3757 2.7398 25.2857 2.5429 25.6302 2.3407 28.9419 2.1521 27.4051 1.9918 25.1259 1.8909 24.6310 1.8303 26.2070 1.6404 28.1558 1.4513 24.9359 1.6307 26.4547 1.4015 26.4401 1.3411 25.3535 1.3938 24.4100 1.3348 22.5612 1.2172 26.9550 1.1728 25.3654 1.4293 24.2814 1.4488 25.8217 1.0548 25.4796 1.0580 24.1860 0.9945 25.2992 0.8501 24.3044 0.7131 24.1029 0.6301 24.4227 0.6196 24.5664 0.6208 24.4264 0.5734 24.8592 0.5748 23.7901 0.5051 22.6217 0.5125 23.5407 0.5040 23.3515 0.4731 24.6733 0.4953 23.7464 0.4142 24.0526 0.4080 23.7034 0.3942 23.7266 0.4495 23.2301 0.4401 24.1630 0.4045 23.7523 0.4232 0.7091 0.88
85  25.5291 0.9204 25.2076 0.3254 24.0603 0.1878 22.7010 0.0907 21.9018 0.0790 21.1986 0.1035 24.2273 0.7858 24.8077 0.7633 25.7261 0.7450 24.9773 0.7285 25.0995 0.7124 26.3696 0.6972 24.4670 0.6855 23.8399 0.6801 24.6853 0.6711 24.1834 0.6539 25.3846 0.6410 25.9737 0.7757 24.6167 0.6359 23.5688 0.5976 24.3367 0.6337 24.4397 0.5998 24.6174 0.5099 24.2859 0.4798 23.9851 0.6704 25.1274 0.6736 23.5127 0.3901 22.9456 0.3433 24.3119 0.3218 23.6702 0.3073 23.8462 0.3164 23.1890 0.2984 23.1872 0.2676 22.8206 0.2445 22.6890 0.2163 22.5752 0.2221 22.9283 0.2039 23.0320 0.2165 23.0878 0.2235 22.6811 0.2101 22.6287 0.2205 22.4831 0.1773 22.7425 0.1782 22.6711 0.1750 22.1846 0.1863 22.2388 0.1677 22.5449 0.1533 22.1911 0.1642 1.2592 5.97
86  28.0807 1.8163 26.6424 0.7425 24.4380 0.3336 23.5499 0.1900 22.9823 0.2571 22.3890 0.4159 25.6925 1.6002 25.0233 1.5560 25.5024 1.5114 25.9459 1.4687 25.4620 1.4261 23.3447 1.3801 25.6793 1.3334 26.5147 1.2919 23.6642 1.2458 24.4674 1.1906 25.6258 1.1306 25.3851 1.2731 23.7777 1.0479 24.9567 0.9745 22.6831 1.0046 25.6418 0.9482 24.5461 0.8168 25.2821 0.7672 24.1013 1.0591 24.6954 1.0788 24.6266 0.6440 24.0268 0.5830 24.7011 0.5760 23.5741 0.5484 24.3717 0.5589 23.8700 0.4968 23.6080 0.4348 23.2077 0.4395 23.7844 0.4135 23.8378 0.4218 22.9766 0.4013 22.9387 0.4343 24.2291 0.4396 23.6526 0.4099 24.2083 0.4296 23.5301 0.3564 23.5858 0.3550 24.0018 0.3561 23.5072 0.4035 22.6575 0.3871 23.1642 0.3609 22.8315 0.3717 0.7462 14.38
87  26.0631 1.3829 24.2715 0.1609 22.1671 0.0474 21.3230 0.0335 20.9329 0.0403 20.7465 0.0632 24.1022 0.5795 24.2339 0.5246 23.9508 0.4813 24.5689 0.3920 23.7292 0.3406 23.9955 0.3239 23.9940 0.3089 23.7090 0.2936 23.3219 0.2736 22.8401 0.2626 23.4203 0.2375 23.3942 0.2682 23.2062 0.2219 23.0396 0.2314 23.0888 0.2401 22.8580 0.1891 22.1854 0.1252 22.3451 0.1138 21.9802 0.1765 22.0949 0.1799 22.0979 0.1002 22.0435 0.0851 21.9708 0.0776 21.7438 0.0722 21.6939 0.0725 21.6002 0.0682 21.5811 0.0653 21.4476 0.0635 21.4362 0.0594 21.4843 0.0627 21.3529 0.0594 21.5182 0.0656 21.2691 0.0705 21.4180 0.0703 21.3691 0.0741 21.2276 0.0585 21.2537 0.0570 21.1645 0.0577 21.1385 0.0651 21.1015 0.0619 21.1986 0.0570 21.1494 0.0579 0.5055 1.62
88  27.5368 1.5754 24.8874 0.6225 24.3976 0.2771 23.2712 0.1380 22.8086 0.1427 22.1829 0.2392 25.7767 1.3917 25.2868 1.3650 26.0168 1.3344 25.2738 1.3018 26.0048 1.2645 25.6630 1.2241 25.1093 1.1754 26.5933 1.1326 26.4255 1.0858 23.5306 1.0265 24.3424 0.9714 25.2793 1.1144 26.3144 0.9067 24.9419 0.8445 25.5962 0.8884 24.2322 0.8292 24.0797 0.6870 25.0365 0.6430 23.0277 0.8866 25.1655 0.8982 23.8178 0.5501 23.7746 0.4919 23.3574 0.4652 25.0612 0.4531 23.8987 0.4768 23.8482 0.4357 23.6165 0.3880 24.0382 0.3871 23.8776 0.3787 24.3512 0.3848 24.0662 0.3455 23.6422 0.3441 23.3595 0.3076 23.5294 0.2845 23.2111 0.3139 22.6595 0.2583 23.2286 0.2527 22.7686 0.2531 22.9624 0.2837 23.0016 0.2604 22.5998 0.2262 22.6970 0.2206 0.9075 8.63
89  23.0454 3.4756 26.2380 1.3142 25.1086 0.5437 24.4233 0.3969 23.8050 0.5294 24.0279 0.8148 32.5370 2.6114 25.1152 2.5255 28.2346 2.3554 26.7086 2.1933 26.3385 2.1194 26.4827 2.0494 28.3878 1.9758 22.3358 1.8999 25.6628 1.8479 24.4487 1.7744 27.1649 1.6400 27.9117 1.8591 23.3807 1.6807 27.6794 1.5803 27.9826 1.5357 26.7119 1.3145 25.7495 1.1495 26.6179 1.1385 23.6879 1.4777 24.9289 1.5082 25.5557 0.9914 24.8508 0.8818 23.4443 0.8284 24.9353 0.8053 26.1010 0.8284 24.7704 0.8002 24.6403 0.7559 24.2880 0.7610 25.8540 0.7346 24.0139 0.7659 23.5268 0.7416 25.1967 0.8031 24.9849 0.8601 23.9216 0.8180 24.4397 0.8466 24.1048 0.7157 24.2331 0.7209 24.3332 0.7166 24.1425 0.7955 25.6197 0.7725 24.5923 0.7202 23.9073 0.7388 0.4814 5.51
90  24.9236 0.7644 23.1135 0.0912 21.5225 0.0327 20.5646 0.0255 20.1835 0.0278 19.9700 0.0370 23.5506 0.3709 23.3388 0.3191 23.2825 0.2794 23.4300 0.2591 23.3758 0.2289 22.9895 0.1858 22.8338 0.1682 22.6703 0.1613 22.7241 0.1536 22.8816 0.1418 22.7219 0.1316 22.5275 0.1656 22.5530 0.1225 22.2507 0.1047 22.3615 0.1171 22.2305 0.1244 22.3313 0.1044 21.9945 0.0863 21.5857 0.0995 21.4451 0.0947 21.5023 0.0582 21.3165 0.0531 21.3376 0.0512 21.2999 0.0486 21.1320 0.0476 20.9968 0.0436 20.7789 0.0406 20.7596 0.0399 20.8332 0.0378 20.7595 0.0383 20.6746 0.0360 20.5962 0.0382 20.5639 0.0401 20.6019 0.0391 20.5651 0.0422 20.6293 0.0374 20.6187 0.0382 20.5687 0.0372 20.4326 0.0392 20.3699 0.0375 20.3139 0.0357 20.3325 0.0360 0.5594 2.44
91  29.3568 2.6035 25.7442 1.1990 24.0592 0.3329 23.4046 0.1563 22.2782 0.1102 21.6471 0.1378 27.7431 2.1269 24.6262 2.0504 30.2345 1.9896 26.8663 1.9387 29.2092 1.9179 26.9502 1.9280 24.3019 1.9469 27.9217 1.9846 24.2800 1.9992 28.6434 1.9415 29.1102 1.8779 28.0372 2.0342 26.1015 1.6996 25.2951 1.4778 27.3740 1.3952 23.1077 1.2431 26.1789 1.0295 26.8902 0.9163 24.5417 1.1322 24.9513 1.0812 25.4293 0.6427 24.1820 0.5608 24.0742 0.5450 23.5638 0.5185 24.1508 0.4717 24.5950 0.3964 24.0462 0.3672 24.1139 0.3687 23.8442 0.3443 23.6693 0.3591 23.1706 0.3313 23.0409 0.3487 23.3988 0.3604 23.5663 0.3588 22.9518 0.3768 23.1800 0.2809 23.2718 0.2652 22.9070 0.2746 23.2306 0.3443 22.6326 0.3613 23.5014 0.3213 22.3664 0.2923 1.1817 0.25
92  26.6183 1.8646 24.7396 0.2713 22.7435 0.0773 21.6901 0.0412 21.3433 0.0497 20.9201 0.0791 24.1912 1.0561 24.1978 0.9067 24.9346 0.7803 24.9361 0.6817 25.0069 0.6263 24.9894 0.5784 24.8584 0.4719 23.7741 0.4115 23.8491 0.3953 24.1966 0.3744 23.7557 0.3572 23.6503 0.4269 22.9117 0.3386 23.5820 0.3171 23.2128 0.3044 23.3756 0.2856 23.2653 0.2737 23.4078 0.2899 23.4507 0.3966 23.0780 0.3258 22.5365 0.1453 22.4896 0.1265 22.4989 0.1279 22.5024 0.1239 22.4575 0.1263 22.1363 0.1119 22.2823 0.0995 21.8896 0.0929 21.9969 0.0830 21.7515 0.0833 21.7438 0.0778 21.7395 0.0828 21.6085 0.0843 21.5802 0.0822 21.6081 0.0900 21.5659 0.0754 21.7513 0.0777 21.5401 0.0787 21.6972 0.0933 21.7172 0.0873 21.4607 0.0751 21.5186 0.0739 0.6021 0.74
93  25.7713 1.1729 24.3123 0.1870 22.4909 0.0597 21.9544 0.0470 21.4927 0.0620 21.3039 0.1039 23.5136 0.6340 23.2444 0.5413 24.5175 0.4926 24.4900 0.4632 23.8581 0.4340 23.9775 0.4009 23.8374 0.3742 23.5338 0.3629 24.1561 0.3214 23.2360 0.2940 24.2418 0.3014 23.6302 0.3660 23.2798 0.2602 22.8857 0.1965 22.8476 0.1982 22.9081 0.1952 23.2403 0.1651 22.7179 0.1579 22.4902 0.2254 22.5325 0.2199 22.3709 0.1187 22.3692 0.1056 22.1753 0.1025 22.2938 0.1013 22.3016 0.1037 22.2441 0.1011 22.0251 0.0978 22.0741 0.0996 22.0579 0.0958 22.1602 0.1027 22.0168 0.0970 21.9816 0.1003 21.9514 0.1028 21.7717 0.0992 21.7925 0.1080 21.8404 0.0884 21.7263 0.0882 21.7818 0.0887 21.6736 0.1024 21.7303 0.1002 21.7786 0.0924 21.7731 0.0921 0.4343 5.66
94  28.6874 1.9580 26.1566 0.6808 24.3585 0.2530 23.1322 0.1294 22.7431 0.1694 22.9446 0.2744 29.0453 1.6793 25.2809 1.5922 26.8122 1.5114 24.4522 1.4329 25.1135 1.3463 24.2998 1.2637 25.7443 1.1882 24.9439 1.1449 25.1949 1.0851 26.5071 0.9670 25.2186 0.8886 24.2669 1.0355 24.1474 0.8462 23.5969 0.7861 24.3400 0.8121 25.5984 0.7671 24.4400 0.6811 24.1287 0.6403 24.9599 0.8379 24.9327 0.8659 24.0261 0.5664 24.4457 0.5115 23.6613 0.4712 23.3425 0.4016 24.0858 0.3691 23.3477 0.3549 23.3709 0.3421 22.8824 0.3353 23.3870 0.3148 23.7681 0.3163 23.2623 0.2806 23.2312 0.2869 23.4347 0.2906 23.2343 0.2764 23.6798 0.2971 22.8264 0.2464 22.6795 0.2402 22.8255 0.2393 22.9728 0.2792 22.9173 0.2693 22.7288 0.2493 22.9519 0.2595 0.6950 6.65
95  30.1916 1.7771 25.1657 0.2819 22.6671 0.0790 21.6125 0.0387 21.1388 0.0458 20.8180 0.0704 26.4801 1.1852 25.8367 1.0179 24.6526 0.8792 24.7410 0.7496 24.7230 0.6472 24.5025 0.5690 24.9952 0.5344 24.1456 0.4821 23.8703 0.3889 24.1901 0.3427 23.9746 0.3294 24.5825 0.4053 23.6323 0.3187 23.8327 0.2897 23.4535 0.3124 23.6589 0.3015 22.8441 0.2316 23.1125 0.2161 23.2958 0.3551 22.9499 0.4101 22.8580 0.2244 22.5066 0.1654 22.5269 0.1221 22.1790 0.1102 22.2383 0.1190 22.0582 0.1132 22.2962 0.1052 21.9610 0.1000 21.9207 0.0865 21.8119 0.0840 21.8435 0.0743 21.6510 0.0771 21.4493 0.0794 21.5344 0.0765 21.4293 0.0802 21.3522 0.0654 21.5208 0.0665 21.4461 0.0668 21.2702 0.0771 21.4696 0.0761 21.5538 0.0709 21.4133 0.0747 0.6580 0.58
96  24.7978 1.2456 24.9148 0.4534 23.4473 0.2042 22.9754 0.1018 22.2329 0.1072 22.1896 0.1811 24.8745 1.0855 26.9711 1.0613 26.3642 1.0351 25.8360 1.0076 24.6019 0.9770 24.0233 0.9447 25.9480 0.9075 27.2573 0.8753 25.4287 0.8393 24.8279 0.7933 25.1827 0.7512 24.7483 0.8770 25.6288 0.7037 24.9044 0.6523 24.8508 0.6895 25.2563 0.6455 24.6143 0.5320 23.8839 0.4950 25.1851 0.6965 23.7939 0.7052 24.0456 0.4176 23.9716 0.3709 24.3177 0.3497 24.0147 0.3377 23.3600 0.3566 23.6372 0.3293 23.8341 0.2905 23.9956 0.2853 23.5451 0.2775 23.4761 0.2828 23.1906 0.2536 23.0060 0.2579 22.9494 0.2321 22.8261 0.2116 22.8112 0.2338 22.6988 0.1919 22.8905 0.1874 22.5575 0.1880 22.4386 0.2135 22.4078 0.1965 22.4371 0.1706 22.1932 0.1663 0.9107 9.88
97  20.3304 3.4239 25.2161 1.5487 25.5123 0.5642 24.2826 0.2450 22.8118 0.2514 22.7122 0.3979 35.3360 3.1960 24.4825 3.1253 27.9335 3.0152 26.5982 2.8731 20.9360 2.6582 28.7949 2.4587 23.5312 2.2883 23.6656 2.1292 22.1603 1.9608 28.7008 1.7999 24.5855 1.6733 26.6785 1.8665 28.3963 1.5813 24.1538 1.3729 27.0317 1.3370 25.8101 1.2955 24.8291 1.1651 25.7701 1.1363 25.2142 1.4762 26.5299 1.4870 24.4986 1.0151 23.5195 0.9512 24.9778 0.8638 25.4913 0.8179 24.8732 0.8840 26.3956 0.9293 25.9010 0.9075 24.6931 0.8372 24.4609 0.6579 23.8855 0.5658 24.7540 0.5085 24.6886 0.5596 24.8410 0.5818 24.1462 0.5541 22.8612 0.5778 24.0691 0.4555 23.5389 0.4301 23.4415 0.4040 23.4034 0.4397 23.0380 0.4108 23.7820 0.3717 23.1630 0.3780 0.8266 1.12
98  28.8738 2.5744 25.7368 0.8842 25.3385 0.3403 24.1354 0.2334 23.2716 0.3192 23.2113 0.5176 26.5862 1.9946 26.2788 1.8922 27.6812 1.8197 28.0662 1.7269 25.9960 1.5843 25.7906 1.4959 25.2821 1.4355 27.0750 1.3812 28.0263 1.3132 25.9341 1.2313 25.5393 1.1945 26.0588 1.3541 25.2488 1.0793 24.3533 1.0382 24.7950 1.1215 24.4420 1.0547 25.0492 0.8680 25.4124 0.7345 23.6504 0.9960 23.7662 1.0373 24.6861 0.6535 25.8315 0.6055 24.8585 0.5733 24.7640 0.5407 23.4585 0.5381 24.0706 0.5057 24.4653 0.4803 24.6982 0.4825 24.4238 0.4483 23.9873 0.4656 23.4573 0.4464 24.6335 0.4818 24.0568 0.5157 24.2802 0.5107 24.1345 0.5631 23.7566 0.4756 23.7671 0.4593 22.7856 0.4495 24.7373 0.5046 23.6376 0.4897 22.7042 0.4471 23.6438 0.4537 0.5287 7.82
99  22.9552 0.1704 21.4790 0.0287 20.4670 0.0238 20.0508 0.0233 19.7725 0.0249 19.6134 0.0309 21.8925 0.0777 21.8092 0.0707 21.5983 0.0677 21.5710 0.0616 21.3577 0.0521 21.2873 0.0476 21.2202 0.0463 21.0465 0.0448 21.0375 0.0435 20.9474 0.0402 20.8075 0.0378 20.7866 0.0427 20.6912 0.0368 20.6268 0.0354 20.5951 0.0370 20.5820 0.0366 20.5520 0.0341 20.4961 0.0341 20.5434 0.0447 20.4112 0.0458 20.4432 0.0323 20.3761 0.0306 20.3323 0.0304 20.3066 0.0302 20.2501 0.0309 20.1965 0.0305 20.2682 0.0302 20.2046 0.0304 20.1766 0.0292 20.0842 0.0295 20.1245 0.0289 20.0704 0.0301 20.0962 0.0313 20.0434 0.0305 20.0623 0.0316 20.0085 0.0288 19.9749 0.0288 19.9359 0.0290 19.9661 0.0308 19.9140 0.0302 19.8941 0.0292 19.8646 0.0295 0.2134 11.58
100  26.2724 1.0846 24.9357 0.3823 24.0243 0.1817 22.7317 0.0910 22.0470 0.0944 21.7036 0.1583 23.9231 0.9360 22.9451 0.9136 25.6555 0.8926 24.9725 0.8693 25.5319 0.8447 25.3230 0.8180 25.7985 0.7911 25.0346 0.7653 25.2919 0.7353 23.9578 0.6970 25.2808 0.6652 25.0337 0.7845 25.4855 0.6286 23.0351 0.5797 23.6096 0.6104 24.0923 0.5850 24.8882 0.4931 23.6436 0.4505 24.6059 0.6279 23.0861 0.6386 23.4788 0.3736 23.8850 0.3331 23.0089 0.3142 23.1836 0.3003 23.2771 0.3050 23.6731 0.2953 23.5955 0.2733 23.1527 0.2522 23.0648 0.2302 23.1700 0.2472 23.0932 0.2262 23.1057 0.2344 22.6173 0.2337 22.8294 0.1989 22.4585 0.1991 22.5939 0.1667 22.4297 0.1661 22.7278 0.1620 22.5191 0.1862 22.2924 0.1791 22.0855 0.1578 22.3162 0.1533 0.9388 10.91
