#Sent by Francisco Castander on 23/05/11 in my email account pmarti@ifae.es
#Num. of objects (rows) = 114305
#Num. of fields (columns) = 57
#AB Magnitudes system
#1: ID
#2: z_true
#3: template
#4: E(B-V) (no utlitzat)
#5: Mr (filtre r_sdss)
#6: r_sdss  (aquest es meu)
#7: up.res
#8: g.res
#9: r.res
#10:i.res
#11:z.res
#12:y.res
#13:D_4550.res
#...
#52:D_8450.res
#53:F814W_WFC.res
#54:i_SDSS.res
#55:J_2MASS
#56:H_2MASS
#57:Ks_2MASS
        0   0.7230   11.46    0.002  -23.098   20.736   22.681   21.984   20.518   19.543   19.136   18.964   22.209   22.135   22.062   21.986   21.900   21.813   21.724   21.651   21.565   21.431   21.314   21.232   21.142   21.051   20.952   20.851   20.793   20.747   20.597   20.497   20.496   20.415   20.326   20.187   19.972   19.924   19.902   19.835   19.805   19.774   19.691   19.591   19.513   19.463   19.423   19.397   19.360   19.316   19.308   19.296   19.451   19.667   18.544   18.027   17.822
        1   0.9150   12.12    0.032  -21.861   23.023   24.574   24.041   22.844   21.771   21.119   20.976   24.179   24.136   24.088   24.037   23.984   23.924   23.861   23.797   23.734   23.662   23.588   23.511   23.435   23.372   23.293   23.176   23.069   22.993   22.913   22.831   22.743   22.654   22.562   22.524   22.480   22.343   22.236   22.230   22.182   22.088   22.020   21.838   21.685   21.667   21.641   21.580   21.549   21.533   21.471   21.387   21.590   21.950   20.498   19.987   19.634
        2   0.2786   15.75    0.002  -20.953   19.271   21.689   20.287   19.198   18.826   18.538   18.404   20.597   20.540   20.341   20.278   20.157   20.057   19.834   19.775   19.705   19.658   19.628   19.516   19.414   19.361   19.322   19.283   19.247   19.236   19.203   19.186   19.181   19.167   19.121   19.074   19.014   18.983   18.948   18.933   18.920   18.909   18.894   18.862   18.831   18.808   18.791   18.777   18.756   18.729   18.702   18.677   18.761   18.883   17.985   17.797   17.603
        3   0.4587   10.68    0.010  -20.978   20.915   23.529   22.315   20.764   20.217   19.885   19.743   22.657   22.491   22.380   22.279   22.173   22.057   21.945   21.903   21.765   21.626   21.620   21.521   21.408   21.162   21.037   21.015   20.941   20.910   20.840   20.728   20.625   20.562   20.514   20.485   20.426   20.404   20.392   20.362   20.355   20.349   20.351   20.291   20.241   20.178   20.156   20.122   20.086   20.067   20.051   20.040   20.142   20.289   19.338   18.957   18.808
        4   0.4415   11.97    0.212  -18.313   23.401   25.969   24.778   23.267   22.764   22.441   22.302   25.092   24.956   24.854   24.746   24.629   24.509   24.436   24.360   24.181   24.139   24.070   23.962   23.776   23.586   23.567   23.496   23.455   23.412   23.306   23.198   23.129   23.083   23.052   23.000   22.971   22.961   22.932   22.918   22.914   22.914   22.866   22.816   22.754   22.727   22.694   22.658   22.641   22.625   22.615   22.607   22.690   22.832   21.894   21.532   21.377
        5   1.1721    6.89    0.142  -21.379   25.005   26.364   25.863   24.796   23.755   22.752   22.365   25.931   25.894   25.858   25.824   25.793   25.763   25.735   25.702   25.658   25.612   25.555   25.496   25.414   25.330   25.247   25.166   25.076   24.981   24.888   24.794   24.716   24.664   24.579   24.435   24.302   24.233   24.177   24.113   24.053   23.980   23.905   23.832   23.805   23.763   23.643   23.529   23.502   23.533   23.507   23.421   23.464   23.906   21.771   21.235   20.744
        6   0.9392    7.70    0.066  -21.212   23.993   25.746   25.177   23.814   22.708   21.919   21.749   25.335   25.301   25.255   25.205   25.145   25.080   24.995   24.908   24.822   24.735   24.635   24.536   24.437   24.352   24.292   24.185   24.027   23.915   23.851   23.778   23.708   23.627   23.541   23.465   23.440   23.359   23.218   23.144   23.166   23.141   23.047   22.935   22.716   22.538   22.509   22.495   22.438   22.396   22.365   22.285   22.481   22.907   21.224   20.718   20.338
        7   1.0512   10.83    0.668  -20.201   25.400   26.788   26.273   25.220   24.156   23.324   23.064   26.370   26.333   26.296   26.260   26.223   26.179   26.133   26.081   26.028   25.964   25.899   25.835   25.770   25.696   25.621   25.543   25.467   25.408   25.340   25.228   25.111   25.032   24.964   24.889   24.814   24.731   24.649   24.569   24.545   24.491   24.361   24.257   24.254   24.233   24.145   24.075   23.949   23.749   23.669   23.667   23.927   24.372   22.590   22.079   21.627
        8   0.1268    6.64    0.015  -13.950   24.294   26.758   25.159   24.216   23.816   23.541   23.400   25.345   25.274   25.198   25.127   24.983   24.831   24.732   24.672   24.603   24.557   24.534   24.516   24.509   24.503   24.400   24.323   24.293   24.242   24.204   24.178   24.165   24.147   24.081   24.029   24.009   24.009   24.001   23.963   23.916   23.879   23.866   23.844   23.816   23.791   23.771   23.781   23.779   23.710   23.660   23.630   23.756   23.882   23.080   22.925   22.924
        9   1.2652   10.47    0.203  -21.505   24.959   26.027   25.591   24.820   23.820   22.924   22.541   25.650   25.617   25.585   25.553   25.520   25.487   25.454   25.421   25.389   25.356   25.317   25.276   25.230   25.183   25.129   25.069   25.009   24.950   24.890   24.821   24.751   24.680   24.607   24.547   24.495   24.418   24.308   24.203   24.135   24.075   24.008   23.939   23.868   23.794   23.717   23.663   23.650   23.578   23.452   23.367   23.577   24.008   21.894   21.341   20.851
       10   0.9204    2.03    0.048  -20.146   25.268   27.819   27.028   25.084   23.913   22.991   22.806   27.369   27.344   27.287   27.209   27.104   26.954   26.765   26.593   26.435   26.264   26.091   25.936   25.795   25.721   25.628   25.406   25.211   25.145   25.090   25.039   24.978   24.900   24.829   24.815   24.721   24.557   24.491   24.541   24.612   24.546   24.387   24.072   23.812   23.732   23.738   23.699   23.635   23.582   23.471   23.372   23.630   24.156   22.220   21.718   21.349
       11   0.4753    8.66    0.053  -18.362   23.732   26.448   25.166   23.559   22.950   22.602   22.457   25.527   25.359   25.201   25.110   25.013   24.908   24.795   24.716   24.650   24.475   24.416   24.409   24.295   24.128   23.858   23.794   23.759   23.690   23.653   23.554   23.438   23.339   23.277   23.232   23.197   23.134   23.119   23.102   23.076   23.075   23.068   23.066   22.996   22.938   22.880   22.863   22.827   22.791   22.770   22.753   22.872   23.027   22.057   21.655   21.512
       12   0.5554   11.55    0.146  -17.966   24.676   27.037   26.047   24.496   23.797   23.451   23.313   26.352   26.254   26.174   26.068   25.918   25.810   25.715   25.615   25.507   25.395   25.325   25.268   25.099   25.027   25.004   24.893   24.786   24.550   24.457   24.436   24.365   24.335   24.287   24.188   24.084   24.014   23.969   23.935   23.898   23.850   23.842   23.824   23.797   23.793   23.786   23.788   23.737   23.690   23.634   23.603   23.714   23.874   22.908   22.438   22.322
       13   0.7801   11.76    0.227  -19.853   24.303   26.124   25.500   24.126   23.068   22.615   22.442   25.695   25.635   25.565   25.495   25.426   25.349   25.268   25.183   25.101   25.034   24.940   24.808   24.705   24.625   24.537   24.448   24.351   24.253   24.195   24.157   24.016   23.903   23.899   23.836   23.741   23.640   23.428   23.330   23.323   23.265   23.217   23.200   23.142   23.052   22.962   22.898   22.858   22.822   22.801   22.755   22.964   23.224   22.016   21.503   21.252
       14   0.2958   14.25    0.019  -16.922   23.487   25.979   24.574   23.412   23.017   22.725   22.591   24.880   24.812   24.691   24.527   24.483   24.357   24.218   24.003   23.975   23.894   23.864   23.804   23.685   23.590   23.541   23.503   23.456   23.427   23.414   23.379   23.370   23.364   23.345   23.294   23.237   23.190   23.157   23.121   23.105   23.091   23.081   23.065   23.030   22.996   22.972   22.958   22.946   22.927   22.899   22.870   22.952   23.077   22.174   21.966   21.761
       15   0.4360    6.27    0.076  -19.950   21.863   24.872   23.369   21.701   21.126   20.762   20.620   23.630   23.484   23.397   23.306   23.198   23.090   23.043   22.898   22.759   22.783   22.729   22.579   22.272   22.096   22.081   22.010   21.960   21.861   21.738   21.621   21.544   21.488   21.453   21.382   21.357   21.343   21.317   21.317   21.311   21.311   21.226   21.154   21.107   21.089   21.047   21.013   20.990   20.971   20.963   20.954   21.039   21.203   20.219   19.855   19.690
       16   0.6597   14.74    0.039  -21.041   22.230   24.225   23.506   22.035   21.233   20.891   20.747   23.721   23.657   23.585   23.511   23.431   23.357   23.275   23.161   23.054   22.962   22.863   22.760   22.654   22.545   22.502   22.437   22.270   22.204   22.163   22.053   21.984   21.798   21.681   21.672   21.605   21.562   21.554   21.491   21.396   21.314   21.265   21.230   21.204   21.171   21.134   21.127   21.114   21.084   21.071   21.070   21.153   21.324   20.336   19.821   19.664
       17   0.8322    5.86    0.056  -20.062   24.660   26.755   26.047   24.496   23.307   22.669   22.495   26.346   26.281   26.207   26.104   25.993   25.886   25.778   25.654   25.534   25.416   25.329   25.258   25.103   24.927   24.839   24.772   24.703   24.626   24.539   24.456   24.426   24.342   24.190   24.124   24.159   24.139   24.036   23.876   23.603   23.462   23.453   23.419   23.358   23.324   23.246   23.149   23.050   22.963   22.905   22.855   23.139   23.525   22.002   21.493   21.191
       18   0.4874    8.09    0.218  -18.837   23.380   26.113   24.823   23.199   22.555   22.200   22.056   25.179   25.043   24.855   24.751   24.657   24.562   24.452   24.348   24.306   24.161   24.030   24.042   23.970   23.844   23.581   23.404   23.389   23.323   23.276   23.209   23.096   22.981   22.901   22.845   22.811   22.758   22.711   22.704   22.677   22.664   22.660   22.662   22.636   22.558   22.502   22.460   22.438   22.398   22.369   22.349   22.474   22.634   21.655   21.239   21.103
       19   0.2995    9.36    0.206  -21.239   19.270   22.014   20.492   19.184   18.739   18.431   18.298   20.814   20.742   20.617   20.457   20.452   20.341   20.169   19.889   19.839   19.775   19.721   19.645   19.517   19.402   19.333   19.286   19.236   19.185   19.175   19.143   19.136   19.130   19.121   19.043   18.981   18.936   18.905   18.861   18.838   18.819   18.808   18.796   18.752   18.703   18.674   18.664   18.660   18.648   18.618   18.582   18.670   18.804   17.888   17.668   17.449
       20   0.4917    4.20    0.007  -17.085   25.307   28.445   26.829   25.095   24.363   23.977   23.829   27.204   27.059   26.814   26.696   26.617   26.538   26.438   26.341   26.302   26.144   26.013   26.051   26.045   25.895   25.584   25.329   25.301   25.258   25.190   25.109   24.983   24.858   24.759   24.687   24.644   24.593   24.527   24.516   24.492   24.479   24.478   24.478   24.470   24.373   24.298   24.258   24.243   24.201   24.164   24.140   24.275   24.450   23.432   23.007   22.870
       21   0.3957   12.61    0.062  -20.913   20.401   22.984   21.738   20.300   19.843   19.531   19.398   22.035   21.924   21.807   21.683   21.572   21.528   21.357   21.260   21.217   21.099   20.948   20.729   20.701   20.632   20.587   20.547   20.440   20.331   20.264   20.219   20.188   20.133   20.113   20.100   20.067   20.061   20.055   20.046   19.987   19.945   19.880   19.856   19.819   19.795   19.779   19.766   19.757   19.740   19.701   19.666   19.772   19.914   18.986   18.668   18.487
       22   0.5797   15.00    0.353  -20.331   22.364   24.541   23.700   22.204   21.529   21.202   21.076   23.967   23.888   23.806   23.730   23.628   23.508   23.408   23.306   23.199   23.087   22.973   22.910   22.857   22.684   22.611   22.561   22.450   22.369   22.166   22.090   22.065   21.992   21.970   21.944   21.853   21.758   21.693   21.657   21.624   21.597   21.553   21.543   21.531   21.500   21.486   21.484   21.481   21.452   21.415   21.380   21.452   21.601   20.666   20.187   20.069
       23   1.2517    9.14    0.068  -21.201   25.316   26.437   25.990   25.162   24.128   23.222   22.825   26.050   26.017   25.984   25.950   25.917   25.884   25.852   25.820   25.790   25.755   25.714   25.671   25.622   25.571   25.507   25.440   25.374   25.309   25.239   25.161   25.085   25.007   24.931   24.877   24.818   24.716   24.592   24.499   24.441   24.377   24.314   24.245   24.173   24.098   24.027   24.004   23.965   23.853   23.737   23.703   23.881   24.314   22.168   21.611   21.121
       24   0.5199    9.00    0.024  -21.181   21.278   23.864   22.695   21.089   20.402   20.045   19.906   23.015   22.932   22.805   22.629   22.524   22.431   22.336   22.227   22.119   22.074   21.961   21.803   21.792   21.747   21.633   21.436   21.202   21.169   21.123   21.061   21.024   20.927   20.814   20.720   20.660   20.615   20.585   20.523   20.502   20.491   20.462   20.457   20.450   20.456   20.406   20.341   20.287   20.256   20.228   20.189   20.318   20.481   19.499   19.054   18.935
       25   0.6422   12.82    0.075  -18.076   25.144   27.249   26.460   24.956   24.136   23.780   23.634   26.709   26.633   26.550   26.464   26.380   26.306   26.194   26.064   25.970   25.875   25.778   25.673   25.566   25.490   25.454   25.302   25.192   25.181   25.083   25.000   24.836   24.655   24.637   24.588   24.528   24.513   24.458   24.361   24.268   24.208   24.169   24.137   24.107   24.060   24.050   24.039   24.011   23.996   23.995   23.992   24.051   24.226   23.220   22.712   22.561
       26   0.9722    5.98    0.040  -20.637   24.825   26.664   26.085   24.639   23.531   22.654   22.442   26.231   26.201   26.169   26.121   26.069   26.003   25.929   25.828   25.726   25.629   25.528   25.414   25.304   25.194   25.105   25.046   24.933   24.759   24.637   24.578   24.510   24.447   24.371   24.290   24.214   24.189   24.118   23.973   23.888   23.908   23.924   23.839   23.736   23.525   23.292   23.218   23.216   23.176   23.118   23.089   23.275   23.741   21.906   21.402   20.992
       27   0.6271   11.17    0.109  -17.821   25.358   27.568   26.705   25.172   24.335   23.964   23.818   26.986   26.895   26.802   26.706   26.626   26.536   26.392   26.272   26.185   26.090   25.991   25.887   25.786   25.753   25.645   25.490   25.467   25.420   25.316   25.193   24.960   24.888   24.867   24.799   24.768   24.725   24.632   24.530   24.454   24.407   24.369   24.341   24.289   24.267   24.260   24.234   24.217   24.216   24.211   24.205   24.246   24.424   23.403   22.901   22.757
       28   0.8459    0.02    0.062  -19.989   25.152   28.599   27.215   24.999   23.669   22.858   22.671   28.158   28.042   27.854   27.584   27.251   26.979   26.745   26.500   26.271   26.074   25.913   25.852   25.696   25.402   25.239   25.201   25.147   25.107   25.036   24.955   24.940   24.884   24.683   24.594   24.654   24.779   24.754   24.555   24.185   23.871   23.780   23.796   23.752   23.682   23.605   23.469   23.367   23.251   23.164   23.091   23.439   23.950   22.120   21.614   21.295
       29   0.5150    1.55    0.015  -17.938   24.779   28.384   26.357   24.530   23.680   23.266   23.115   26.720   26.632   26.409   26.143   26.059   25.990   25.924   25.828   25.757   25.711   25.510   25.430   25.517   25.532   25.339   24.948   24.682   24.657   24.622   24.545   24.445   24.306   24.176   24.069   23.987   23.940   23.891   23.812   23.795   23.776   23.760   23.764   23.757   23.768   23.671   23.576   23.529   23.522   23.482   23.439   23.580   23.772   22.713   22.264   22.136
       30   0.2343    6.55    0.159  -17.540   22.305   25.107   23.462   22.218   21.782   21.489   21.376   23.803   23.745   23.731   23.569   23.232   23.077   23.042   22.965   22.881   22.739   22.606   22.521   22.468   22.406   22.353   22.339   22.311   22.308   22.309   22.262   22.169   22.106   22.082   22.034   21.999   21.974   21.960   21.952   21.904   21.843   21.810   21.801   21.803   21.790   21.753   21.710   21.674   21.661   21.645   21.619   21.713   21.848   20.953   20.788   20.599
       31   0.3934   14.48    0.449  -15.959   25.299   27.791   26.593   25.206   24.772   24.472   24.338   26.904   26.788   26.666   26.540   26.430   26.388   26.211   26.120   26.055   25.944   25.796   25.605   25.584   25.507   25.473   25.436   25.330   25.228   25.171   25.129   25.100   25.050   25.036   25.020   24.986   24.981   24.974   24.960   24.910   24.871   24.806   24.781   24.745   24.725   24.711   24.700   24.691   24.672   24.637   24.607   24.704   24.839   23.923   23.611   23.432
       32   1.1163   13.27    0.089  -20.883   24.875   26.083   25.588   24.714   23.695   22.837   22.555   25.673   25.640   25.603   25.566   25.529   25.493   25.453   25.410   25.366   25.319   25.269   25.215   25.162   25.108   25.053   24.991   24.928   24.862   24.796   24.740   24.676   24.583   24.483   24.405   24.335   24.259   24.184   24.101   24.019   23.934   23.888   23.868   23.772   23.638   23.588   23.584   23.512   23.431   23.375   23.224   23.455   23.886   22.095   21.583   21.105
       33   0.6375   15.83    0.019  -21.257   21.816   23.838   23.108   21.640   20.891   20.563   20.430   23.328   23.262   23.192   23.116   23.041   22.966   22.864   22.754   22.659   22.558   22.453   22.345   22.234   22.167   22.129   21.966   21.869   21.834   21.722   21.657   21.492   21.359   21.351   21.284   21.238   21.233   21.178   21.082   21.000   20.954   20.922   20.895   20.862   20.829   20.822   20.808   20.777   20.765   20.763   20.760   20.813   20.972   20.019   19.511   19.369
       34   0.7872    1.16    0.300  -20.111   24.622   27.609   26.399   24.495   23.111   22.479   22.264   27.136   26.988   26.748   26.520   26.318   26.117   25.907   25.722   25.558   25.477   25.357   25.093   24.912   24.860   24.801   24.752   24.675   24.592   24.568   24.496   24.311   24.237   24.300   24.384   24.295   24.075   23.713   23.486   23.455   23.451   23.380   23.321   23.212   23.097   22.985   22.885   22.812   22.751   22.723   22.670   22.953   23.347   21.768   21.272   20.997
       35   0.9243   10.12    0.200  -21.020   23.997   25.625   25.078   23.818   22.729   22.021   21.867   25.225   25.185   25.137   25.087   25.031   24.968   24.895   24.823   24.751   24.673   24.589   24.504   24.418   24.351   24.280   24.159   24.030   23.949   23.876   23.798   23.717   23.630   23.540   23.483   23.454   23.337   23.208   23.184   23.179   23.093   23.014   22.860   22.657   22.589   22.584   22.533   22.482   22.464   22.412   22.329   22.529   22.917   21.368   20.859   20.496
       36   0.5737   10.26    0.195  -19.088   23.739   26.124   25.122   23.554   22.789   22.426   22.284   25.431   25.327   25.232   25.152   25.011   24.864   24.773   24.678   24.580   24.473   24.368   24.328   24.221   24.063   24.044   23.997   23.890   23.737   23.499   23.447   23.415   23.347   23.320   23.251   23.146   23.045   22.980   22.932   22.902   22.858   22.813   22.805   22.786   22.761   22.759   22.752   22.755   22.698   22.646   22.591   22.703   22.872   21.879   21.399   21.277
       37   0.3883   11.86    0.009  -18.700   22.566   25.195   23.913   22.468   22.005   21.692   21.558   24.205   24.094   23.975   23.851   23.763   23.693   23.510   23.464   23.390   23.279   23.066   22.902   22.880   22.803   22.773   22.704   22.588   22.487   22.430   22.387   22.351   22.298   22.288   22.265   22.240   22.237   22.235   22.202   22.144   22.086   22.050   22.016   21.979   21.961   21.945   21.934   21.925   21.896   21.853   21.822   21.933   22.078   21.146   20.835   20.648
       38   0.8472    1.59    0.038  -20.016   25.030   27.806   26.816   24.870   23.592   22.820   22.639   27.387   27.308   27.192   27.029   26.813   26.620   26.444   26.253   26.066   25.898   25.757   25.690   25.554   25.302   25.144   25.095   25.035   24.986   24.912   24.830   24.795   24.750   24.577   24.470   24.502   24.591   24.558   24.394   24.084   23.788   23.696   23.702   23.659   23.594   23.530   23.409   23.308   23.197   23.113   23.045   23.375   23.854   22.099   21.592   21.274
       39   1.0212   14.35    0.367  -22.326   22.983   24.287   23.782   22.808   21.746   21.019   20.812   23.885   23.845   23.806   23.768   23.724   23.679   23.632   23.584   23.532   23.479   23.426   23.373   23.314   23.252   23.188   23.121   23.061   22.997   22.906   22.808   22.727   22.652   22.571   22.489   22.400   22.314   22.228   22.205   22.159   22.024   21.918   21.906   21.855   21.761   21.709   21.588   21.419   21.376   21.368   21.312   21.552   21.942   20.373   19.865   19.434
       40   0.8811    4.23    0.049  -19.828   25.249   27.449   26.740   25.065   23.901   23.119   22.955   27.043   26.990   26.926   26.845   26.736   26.603   26.476   26.354   26.217   26.079   25.949   25.833   25.768   25.658   25.455   25.308   25.249   25.182   25.122   25.046   24.961   24.899   24.875   24.753   24.610   24.583   24.636   24.618   24.505   24.317   24.027   23.882   23.873   23.850   23.784   23.745   23.666   23.563   23.465   23.372   23.672   24.133   22.406   21.899   21.563
       41   0.8273   13.57    0.029  -21.605   22.754   24.407   23.843   22.571   21.525   21.033   20.883   24.000   23.947   23.893   23.833   23.772   23.711   23.647   23.576   23.504   23.427   23.359   23.288   23.182   23.071   22.987   22.902   22.813   22.719   22.624   22.527   22.494   22.438   22.286   22.198   22.189   22.101   22.023   21.924   21.727   21.656   21.648   21.584   21.542   21.533   21.485   21.401   21.316   21.252   21.216   21.182   21.402   21.689   20.450   19.933   19.647
       42   1.0328    7.98    0.007  -21.319   24.341   25.911   25.376   24.150   23.071   22.188   21.922   25.477   25.443   25.410   25.377   25.336   25.290   25.237   25.179   25.107   25.025   24.944   24.865   24.779   24.685   24.594   24.500   24.427   24.368   24.260   24.112   24.006   23.945   23.875   23.808   23.731   23.650   23.571   23.533   23.491   23.367   23.251   23.237   23.252   23.188   23.099   22.974   22.749   22.614   22.602   22.582   22.824   23.291   21.417   20.908   20.462
       43   0.6595    5.10    0.120  -21.510   22.202   24.719   23.621   21.965   20.905   20.471   20.286   24.030   23.903   23.758   23.617   23.482   23.394   23.291   23.081   22.931   22.862   22.785   22.707   22.612   22.526   22.494   22.365   22.219   22.214   22.248   22.154   21.993   21.689   21.521   21.511   21.466   21.404   21.353   21.242   21.134   21.029   20.958   20.898   20.869   20.820   20.760   20.749   20.735   20.711   20.714   20.704   20.800   21.027   19.859   19.349   19.174
       44   0.8961    2.97    0.027  -21.577   23.652   26.032   25.275   23.466   22.295   21.448   21.277   25.616   25.567   25.506   25.418   25.312   25.153   25.000   24.857   24.710   24.550   24.403   24.263   24.172   24.102   23.917   23.709   23.619   23.565   23.506   23.446   23.367   23.287   23.261   23.195   23.032   22.944   22.976   23.038   22.974   22.830   22.555   22.282   22.206   22.210   22.167   22.106   22.057   21.950   21.851   21.749   22.040   22.536   20.707   20.203   19.855
       45   0.8943    9.53    0.343  -20.828   24.058   25.770   25.202   23.874   22.784   22.107   21.959   25.373   25.326   25.276   25.218   25.156   25.079   25.003   24.927   24.846   24.756   24.668   24.577   24.506   24.436   24.312   24.175   24.091   24.018   23.940   23.859   23.771   23.681   23.630   23.594   23.464   23.344   23.335   23.323   23.231   23.147   22.968   22.766   22.726   22.713   22.655   22.613   22.591   22.521   22.433   22.344   22.593   22.977   21.458   20.947   20.608
       46   0.4616    3.88    0.043  -18.214   23.908   27.174   25.458   23.710   23.046   22.664   22.512   25.821   25.565   25.439   25.360   25.281   25.179   25.085   25.042   24.867   24.757   24.811   24.780   24.604   24.253   24.050   24.038   23.975   23.914   23.805   23.678   23.552   23.464   23.397   23.363   23.290   23.247   23.240   23.210   23.214   23.203   23.217   23.143   23.053   22.996   22.983   22.946   22.903   22.876   22.852   22.839   22.957   23.129   22.119   21.726   21.571
       47   0.8885   10.17    0.046  -19.428   25.400   27.088   26.524   25.215   24.131   23.477   23.332   26.691   26.643   26.592   26.535   26.472   26.399   26.325   26.253   26.173   26.087   26.001   25.914   25.848   25.772   25.643   25.518   25.441   25.364   25.285   25.200   25.111   25.021   24.982   24.932   24.791   24.689   24.693   24.655   24.559   24.473   24.274   24.110   24.093   24.066   24.005   23.975   23.947   23.870   23.781   23.696   23.948   24.321   22.839   22.327   21.993
       48   0.5787   11.64    0.093  -17.515   25.294   27.601   26.662   25.118   24.375   24.021   23.883   26.956   26.861   26.768   26.691   26.570   26.427   26.330   26.234   26.134   26.026   25.916   25.863   25.788   25.619   25.568   25.534   25.425   25.313   25.079   24.998   24.976   24.905   24.877   24.831   24.732   24.631   24.561   24.515   24.481   24.448   24.397   24.386   24.373   24.344   24.336   24.331   24.333   24.295   24.242   24.198   24.291   24.455   23.477   22.996   22.874
       49   0.5782    6.01    0.052  -19.543   23.498   26.173   24.941   23.286   22.405   22.004   21.847   25.303   25.166   25.045   24.966   24.801   24.606   24.516   24.433   24.351   24.252   24.154   24.114   23.996   23.841   23.831   23.845   23.735   23.551   23.251   23.149   23.137   23.069   23.023   22.940   22.826   22.713   22.630   22.568   22.530   22.488   22.424   22.409   22.395   22.370   22.372   22.362   22.373   22.319   22.239   22.183   22.309   22.500   21.445   20.960   20.832
       50   1.6195    6.53    0.445  -23.968   23.861   24.513   24.343   23.772   22.870   21.974   21.626   24.481   24.450   24.368   24.313   24.263   24.220   24.181   24.143   24.110   24.078   24.047   24.016   23.986   23.959   23.934   23.909   23.886   23.863   23.833   23.796   23.758   23.712   23.663   23.608   23.534   23.461   23.391   23.321   23.251   23.169   23.088   23.007   22.929   22.855   22.804   22.761   22.681   22.555   22.434   22.360   22.627   23.080   20.335   19.658   19.185
       51   0.5713    5.05    0.036  -21.383   21.650   24.443   23.110   21.427   20.536   20.130   19.971   23.484   23.338   23.222   23.135   22.934   22.750   22.673   22.592   22.510   22.410   22.325   22.285   22.129   22.007   22.038   22.028   21.899   21.647   21.368   21.313   21.292   21.220   21.171   21.063   20.947   20.835   20.760   20.699   20.667   20.608   20.556   20.550   20.525   20.513   20.512   20.508   20.511   20.427   20.353   20.302   20.438   20.632   19.571   19.088   18.960
       52   0.9285    7.91    0.002  -21.323   23.816   25.572   25.001   23.636   22.531   21.763   21.600   25.165   25.128   25.080   25.028   24.967   24.898   24.812   24.726   24.642   24.552   24.452   24.355   24.257   24.184   24.117   23.986   23.835   23.747   23.680   23.607   23.534   23.449   23.362   23.303   23.274   23.158   23.028   23.000   23.019   22.952   22.860   22.702   22.474   22.370   22.365   22.328   22.269   22.243   22.189   22.103   22.310   22.729   21.077   20.570   20.200
       53   0.9879    3.40    0.045  -20.442   25.251   27.391   26.757   25.056   23.935   22.958   22.711   26.913   26.892   26.872   26.831   26.777   26.704   26.619   26.491   26.349   26.216   26.090   25.948   25.805   25.673   25.549   25.479   25.400   25.215   25.028   24.948   24.895   24.837   24.780   24.705   24.624   24.584   24.554   24.414   24.288   24.272   24.332   24.333   24.232   24.066   23.774   23.577   23.539   23.539   23.487   23.434   23.645   24.161   22.151   21.648   21.223
       54   0.4611    1.04    0.102  -20.129   22.085   26.004   23.726   21.863   21.147   20.743   20.588   24.097   23.783   23.655   23.588   23.526   23.431   23.352   23.310   23.100   23.022   23.123   23.131   22.899   22.469   22.243   22.236   22.176   22.101   21.964   21.828   21.693   21.596   21.522   21.485   21.403   21.357   21.350   21.320   21.330   21.317   21.336   21.249   21.144   21.089   21.084   21.043   20.998   20.969   20.942   20.928   21.052   21.235   20.199   19.804   19.645
       55   0.4543    1.28    0.263  -17.457   24.681   28.534   26.323   24.468   23.774   23.372   23.219   26.653   26.363   26.269   26.199   26.130   26.030   25.970   25.891   25.683   25.658   25.766   25.701   25.416   25.001   24.860   24.859   24.780   24.701   24.552   24.419   24.293   24.204   24.144   24.100   24.015   23.993   23.974   23.959   23.962   23.958   23.959   23.843   23.754   23.724   23.708   23.662   23.624   23.595   23.572   23.565   23.678   23.860   22.828   22.441   22.279
       56   1.0193    3.50    0.080  -22.602   23.253   25.310   24.701   23.047   21.941   20.935   20.647   24.817   24.793   24.773   24.751   24.704   24.650   24.574   24.488   24.357   24.221   24.093   23.970   23.830   23.692   23.563   23.445   23.378   23.298   23.116   22.933   22.853   22.801   22.743   22.688   22.613   22.534   22.488   22.466   22.341   22.205   22.169   22.223   22.247   22.160   22.019   21.754   21.517   21.445   21.448   21.413   21.646   22.176   20.093   19.585   19.142
       57   0.9868   10.71    0.230  -21.193   24.111   25.605   25.080   23.926   22.850   22.082   21.881   25.195   25.158   25.121   25.078   25.031   24.980   24.926   24.862   24.795   24.728   24.661   24.586   24.507   24.428   24.348   24.286   24.215   24.099   23.979   23.900   23.828   23.752   23.673   23.589   23.501   23.431   23.413   23.325   23.184   23.123   23.131   23.066   22.982   22.898   22.702   22.557   22.542   22.519   22.460   22.426   22.637   23.044   21.399   20.892   20.479
       58   1.3487    1.03    0.199  -22.523   25.469   27.001   26.431   25.120   23.631   22.711   22.131   26.559   26.483   26.412   26.347   26.286   26.234   26.185   26.165   26.159   26.158   26.164   26.163   26.117   26.064   25.975   25.869   25.728   25.528   25.348   25.186   25.037   24.875   24.711   24.564   24.425   24.310   24.254   24.191   24.023   23.811   23.681   23.640   23.599   23.557   23.521   23.464   23.402   23.344   23.339   23.300   23.406   23.815   21.156   20.504   20.036
       59   0.3260    4.53    0.013  -21.581   19.253   22.425   20.694   19.158   18.640   18.314   18.182   21.019   20.904   20.851   20.681   20.559   20.609   20.527   20.288   19.934   19.855   19.815   19.741   19.642   19.502   19.368   19.277   19.215   19.169   19.092   19.078   19.049   19.044   19.035   19.046   18.967   18.875   18.824   18.805   18.757   18.722   18.695   18.677   18.672   18.645   18.578   18.529   18.509   18.509   18.513   18.496   18.565   18.715   17.776   17.518   17.287
       60   0.6281   10.98    0.014  -19.865   23.330   25.546   24.678   23.142   22.299   21.927   21.780   24.961   24.870   24.776   24.678   24.598   24.509   24.365   24.241   24.155   24.061   23.963   23.859   23.757   23.723   23.619   23.462   23.436   23.395   23.289   23.170   22.935   22.854   22.834   22.767   22.734   22.693   22.601   22.499   22.420   22.372   22.333   22.306   22.253   22.230   22.223   22.198   22.179   22.179   22.173   22.169   22.209   22.389   21.364   20.862   20.717
       61   1.5525    9.37    0.122  -23.200   24.160   24.838   24.639   24.066   23.245   22.400   22.000   24.781   24.692   24.640   24.591   24.552   24.516   24.482   24.452   24.424   24.394   24.365   24.336   24.306   24.278   24.250   24.223   24.194   24.158   24.122   24.081   24.038   23.992   23.935   23.878   23.820   23.763   23.707   23.640   23.573   23.507   23.439   23.371   23.323   23.277   23.201   23.094   22.993   22.925   22.876   22.818   23.014   23.427   20.914   20.289   19.811
       62   0.5421    9.77    0.007  -21.631   20.976   23.461   22.372   20.786   20.075   19.718   19.578   22.689   22.589   22.507   22.361   22.208   22.116   22.021   21.921   21.812   21.711   21.673   21.540   21.400   21.398   21.329   21.221   21.016   20.811   20.789   20.736   20.679   20.645   20.551   20.443   20.350   20.294   20.251   20.221   20.162   20.140   20.131   20.101   20.093   20.088   20.092   20.056   19.991   19.942   19.897   19.876   19.989   20.154   19.173   18.710   18.594
       63   1.0106    9.11    0.025  -20.323   25.172   26.710   26.179   24.984   23.904   23.073   22.839   26.288   26.253   26.218   26.182   26.136   26.088   26.032   25.973   25.898   25.823   25.750   25.674   25.588   25.502   25.414   25.334   25.275   25.191   25.055   24.936   24.867   24.796   24.725   24.649   24.565   24.481   24.426   24.401   24.294   24.162   24.122   24.137   24.078   23.990   23.888   23.676   23.530   23.514   23.494   23.437   23.673   24.111   22.344   21.837   21.406
       64   0.6345    7.69    0.022  -18.354   25.033   27.413   26.422   24.828   23.888   23.483   23.321   26.762   26.649   26.531   26.414   26.319   26.237   26.071   25.914   25.833   25.748   25.662   25.562   25.464   25.422   25.326   25.167   25.131   25.141   25.042   24.914   24.648   24.497   24.487   24.433   24.378   24.336   24.238   24.131   24.034   23.972   23.923   23.894   23.843   23.797   23.791   23.771   23.750   23.750   23.742   23.751   23.790   23.989   22.903   22.399   22.244
       65   0.7386   12.93    0.041  -20.259   23.607   25.465   24.817   23.399   22.432   22.031   21.862   25.013   24.946   24.880   24.813   24.739   24.661   24.578   24.501   24.431   24.326   24.202   24.110   24.023   23.931   23.833   23.734   23.636   23.610   23.522   23.365   23.317   23.288   23.184   23.111   22.929   22.777   22.767   22.719   22.660   22.646   22.604   22.513   22.424   22.356   22.316   22.280   22.259   22.215   22.185   22.179   22.342   22.557   21.449   20.930   20.715
       66   1.0610    2.19    0.161  -21.419   24.761   26.975   26.344   24.528   23.424   22.333   21.978   26.412   26.391   26.375   26.364   26.351   26.304   26.247   26.159   26.061   25.901   25.735   25.581   25.439   25.280   25.122   24.979   24.843   24.760   24.699   24.533   24.316   24.200   24.157   24.101   24.055   23.992   23.920   23.854   23.843   23.765   23.609   23.522   23.546   23.621   23.615   23.498   23.302   22.992   22.801   22.763   23.103   23.681   21.409   20.889   20.425
       67   1.0748    8.59    0.351  -20.824   25.003   26.461   25.939   24.813   23.748   22.841   22.541   26.027   25.991   25.957   25.924   25.891   25.851   25.806   25.755   25.700   25.635   25.558   25.483   25.409   25.331   25.243   25.157   25.069   24.991   24.935   24.851   24.715   24.594   24.525   24.460   24.390   24.320   24.241   24.159   24.093   24.075   23.996   23.857   23.783   23.796   23.782   23.696   23.616   23.457   23.245   23.165   23.496   23.972   22.041   21.524   21.060
       68   0.4996    0.65    0.064  -17.152   25.463   29.480   27.084   25.212   24.376   23.958   23.807   27.478   27.352   27.031   26.853   26.795   26.737   26.657   26.562   26.543   26.379   26.216   26.265   26.378   26.252   25.900   25.507   25.409   25.410   25.326   25.243   25.090   24.960   24.834   24.744   24.680   24.641   24.556   24.521   24.511   24.484   24.497   24.483   24.503   24.420   24.310   24.252   24.249   24.212   24.165   24.136   24.278   24.470   23.410   22.974   22.838
       69   1.0316    1.57    0.205  -21.252   24.806   27.265   26.575   24.584   23.469   22.379   22.057   26.680   26.668   26.661   26.659   26.623   26.564   26.475   26.367   26.200   26.004   25.828   25.667   25.497   25.321   25.164   25.016   24.921   24.864   24.699   24.466   24.337   24.296   24.241   24.198   24.135   24.061   24.000   23.992   23.899   23.737   23.665   23.708   23.789   23.771   23.636   23.397   23.083   22.916   22.894   22.897   23.144   23.723   21.482   20.971   20.519
       70   0.4443    6.91    0.008  -18.064   23.807   26.737   25.291   23.643   23.063   22.704   22.559   25.588   25.413   25.324   25.231   25.128   25.015   24.950   24.854   24.681   24.661   24.649   24.523   24.284   24.028   23.995   23.944   23.882   23.816   23.697   23.576   23.487   23.425   23.389   23.331   23.283   23.276   23.246   23.240   23.232   23.240   23.190   23.107   23.049   23.027   22.993   22.951   22.927   22.906   22.893   22.888   22.979   23.140   22.158   21.788   21.628
       71   1.0896    8.61    0.152  -20.985   24.909   26.339   25.820   24.719   23.661   22.738   22.427   25.904   25.869   25.834   25.801   25.768   25.733   25.688   25.641   25.587   25.529   25.454   25.379   25.305   25.232   25.147   25.060   24.975   24.889   24.827   24.764   24.648   24.512   24.421   24.362   24.291   24.224   24.149   24.068   23.989   23.950   23.917   23.797   23.679   23.650   23.668   23.615   23.529   23.434   23.231   23.063   23.404   23.876   21.924   21.404   20.935
       72   0.9362   14.49    0.038  -21.291   23.609   25.035   24.522   23.432   22.369   21.735   21.593   24.641   24.600   24.554   24.508   24.458   24.408   24.353   24.299   24.244   24.187   24.124   24.059   23.990   23.924   23.862   23.779   23.675   23.586   23.509   23.424   23.338   23.247   23.157   23.066   23.043   22.988   22.845   22.749   22.741   22.665   22.580   22.515   22.351   22.225   22.219   22.181   22.121   22.098   22.090   22.034   22.196   22.539   21.141   20.629   20.261
       73   1.7515    8.44    0.033  -23.113   24.739   25.318   25.187   24.677   24.029   23.159   22.783   25.265   25.215   25.271   25.227   25.176   25.109   25.062   25.017   24.981   24.947   24.915   24.886   24.859   24.831   24.803   24.775   24.749   24.723   24.697   24.672   24.648   24.621   24.586   24.553   24.514   24.472   24.429   24.374   24.315   24.258   24.202   24.143   24.085   24.018   23.952   23.886   23.819   23.756   23.709   23.668   23.790   24.183   21.484   20.770   20.279
       74   0.6099    7.26    0.110  -18.237   24.986   27.468   26.397   24.786   23.876   23.470   23.316   26.748   26.623   26.501   26.392   26.315   26.162   25.984   25.893   25.809   25.725   25.625   25.524   25.476   25.390   25.226   25.180   25.198   25.103   24.970   24.696   24.539   24.529   24.473   24.419   24.369   24.266   24.158   24.062   24.000   23.951   23.924   23.862   23.826   23.821   23.795   23.782   23.781   23.776   23.777   23.704   23.778   23.970   22.901   22.408   22.268
       75   0.4787    7.23    0.016  -17.675   24.495   27.321   25.956   24.311   23.669   23.310   23.163   26.324   26.150   25.972   25.882   25.789   25.691   25.580   25.498   25.437   25.263   25.192   25.210   25.106   24.939   24.643   24.545   24.523   24.450   24.408   24.309   24.191   24.083   24.013   23.961   23.928   23.861   23.836   23.825   23.797   23.795   23.787   23.793   23.727   23.656   23.599   23.581   23.546   23.506   23.484   23.464   23.588   23.749   22.765   22.357   22.215
       76   0.7048   12.94    0.012  -19.444   24.212   26.144   25.451   23.995   23.080   22.702   22.538   25.662   25.594   25.527   25.451   25.372   25.288   25.209   25.137   25.028   24.903   24.812   24.721   24.627   24.527   24.425   24.335   24.311   24.194   24.048   24.027   23.968   23.869   23.776   23.567   23.477   23.465   23.400   23.360   23.344   23.274   23.180   23.093   23.043   23.005   22.977   22.947   22.902   22.892   22.881   22.855   22.995   23.192   22.126   21.606   21.417
       77   1.4520   13.09    0.517  -22.354   24.455   25.241   24.951   24.361   23.579   22.703   22.283   25.023   24.973   24.933   24.898   24.865   24.837   24.810   24.781   24.752   24.721   24.689   24.657   24.626   24.595   24.561   24.524   24.486   24.446   24.405   24.361   24.314   24.267   24.220   24.174   24.121   24.067   24.012   23.953   23.896   23.847   23.797   23.724   23.637   23.554   23.490   23.431   23.366   23.300   23.231   23.160   23.353   23.752   21.486   20.932   20.440
       78   0.5611   12.05    0.081  -17.929   24.737   27.064   26.103   24.560   23.861   23.517   23.381   26.402   26.306   26.224   26.130   25.987   25.870   25.777   25.676   25.569   25.458   25.370   25.332   25.176   25.067   25.055   24.950   24.859   24.647   24.506   24.493   24.425   24.385   24.354   24.264   24.159   24.080   24.034   23.995   23.967   23.914   23.899   23.887   23.859   23.847   23.844   23.844   23.813   23.759   23.717   23.663   23.779   23.937   22.975   22.502   22.386
       79   0.6290    6.55    0.222  -19.742   23.660   26.142   25.072   23.450   22.486   22.070   21.907   25.440   25.313   25.185   25.058   24.968   24.872   24.682   24.534   24.459   24.376   24.291   24.191   24.102   24.067   23.937   23.795   23.795   23.796   23.687   23.518   23.231   23.123   23.113   23.051   23.003   22.939   22.833   22.722   22.631   22.570   22.523   22.493   22.432   22.397   22.393   22.365   22.356   22.354   22.350   22.351   22.385   22.588   21.488   20.987   20.834
       80   0.9552    3.63    0.103  -20.786   24.719   26.884   26.232   24.537   23.400   22.470   22.267   26.431   26.411   26.375   26.322   26.253   26.171   26.053   25.912   25.780   25.655   25.516   25.374   25.242   25.118   25.045   24.965   24.779   24.595   24.518   24.462   24.403   24.342   24.264   24.185   24.151   24.103   23.957   23.845   23.851   23.910   23.879   23.756   23.555   23.266   23.126   23.115   23.100   23.036   22.995   22.925   23.121   23.623   21.700   21.198   20.799
       81   0.6916    9.26    0.505  -20.501   23.232   25.348   24.539   23.000   22.016   21.610   21.433   24.820   24.733   24.645   24.543   24.442   24.340   24.262   24.172   24.015   23.887   23.808   23.721   23.633   23.535   23.436   23.392   23.317   23.159   23.095   23.103   23.015   22.916   22.708   22.512   22.488   22.452   22.388   22.361   22.296   22.198   22.099   22.023   21.975   21.936   21.911   21.855   21.827   21.822   21.798   21.780   21.923   22.138   21.008   20.492   20.306
       82   0.4681    2.76    0.076  -18.246   23.977   27.429   25.553   23.765   23.064   22.672   22.519   25.942   25.670   25.505   25.433   25.361   25.268   25.168   25.132   24.975   24.831   24.873   24.906   24.751   24.411   24.120   24.083   24.046   23.972   23.877   23.742   23.611   23.509   23.432   23.391   23.330   23.264   23.257   23.228   23.226   23.219   23.227   23.191   23.088   23.015   22.995   22.968   22.923   22.891   22.864   22.845   22.973   23.150   22.128   21.727   21.573
       83   0.9524    3.64    0.216  -20.761   24.729   26.896   26.242   24.547   23.408   22.483   22.283   26.446   26.425   26.387   26.334   26.263   26.180   26.058   25.919   25.787   25.662   25.521   25.380   25.248   25.127   25.059   24.970   24.777   24.601   24.531   24.473   24.416   24.352   24.274   24.196   24.168   24.109   23.959   23.858   23.874   23.931   23.886   23.758   23.539   23.258   23.139   23.134   23.112   23.047   23.007   22.930   23.131   23.632   21.716   21.214   20.816
       84   0.7091    0.88    0.337  -18.899   25.453   28.598   27.049   25.168   23.867   23.349   23.134   27.798   27.545   27.324   27.096   26.873   26.678   26.526   26.455   26.249   25.976   25.875   25.821   25.770   25.702   25.614   25.571   25.526   25.332   25.238   25.300   25.397   25.303   25.052   24.664   24.462   24.450   24.430   24.352   24.282   24.148   24.036   23.913   23.829   23.755   23.715   23.675   23.599   23.565   23.563   23.531   23.745   24.037   22.671   22.164   21.952
       85   1.2592    5.97    0.095  -22.762   24.063   25.297   24.832   23.874   22.745   21.820   21.375   24.893   24.854   24.817   24.780   24.744   24.713   24.685   24.658   24.632   24.603   24.561   24.516   24.461   24.402   24.322   24.232   24.144   24.059   23.972   23.872   23.775   23.680   23.586   23.522   23.470   23.362   23.210   23.089   23.032   22.977   22.920   22.861   22.794   22.723   22.655   22.628   22.592   22.479   22.361   22.320   22.500   22.932   20.645   20.064   19.579
       86   0.7462   14.38    0.117  -19.067   24.787   26.582   25.963   24.584   23.632   23.243   23.078   26.138   26.077   26.016   25.955   25.889   25.818   25.743   25.667   25.599   25.510   25.395   25.298   25.211   25.116   25.019   24.919   24.815   24.768   24.721   24.565   24.472   24.455   24.355   24.283   24.158   23.973   23.941   23.911   23.844   23.821   23.804   23.728   23.639   23.564   23.520   23.487   23.461   23.431   23.391   23.383   23.546   23.756   22.674   22.153   21.935
       87   0.5055    1.62    0.078  -20.226   22.398   26.017   23.981   22.155   21.330   20.920   20.770   24.353   24.254   23.979   23.769   23.704   23.637   23.559   23.460   23.417   23.313   23.122   23.113   23.212   23.139   22.875   22.475   22.323   22.322   22.252   22.183   22.049   21.921   21.791   21.700   21.627   21.593   21.520   21.465   21.461   21.429   21.435   21.424   21.438   21.398   21.286   21.212   21.197   21.172   21.126   21.093   21.233   21.422   20.370   19.930   19.798
       88   0.9075    8.63    0.119  -20.463   24.532   26.276   25.704   24.350   23.251   22.533   22.380   25.876   25.832   25.783   25.726   25.665   25.587   25.505   25.424   25.343   25.249   25.155   25.060   24.976   24.914   24.811   24.660   24.551   24.484   24.407   24.334   24.248   24.161   24.084   24.061   23.969   23.827   23.769   23.788   23.733   23.640   23.522   23.282   23.160   23.152   23.119   23.058   23.032   22.987   22.902   22.812   23.046   23.448   21.866   21.357   21.007
       89   0.4814    5.51    0.091  -16.824   25.427   28.422   26.923   25.229   24.549   24.177   24.028   27.301   27.119   26.915   26.826   26.739   26.649   26.541   26.460   26.401   26.223   26.149   26.190   26.104   25.927   25.602   25.469   25.456   25.384   25.334   25.229   25.108   24.992   24.914   24.855   24.822   24.752   24.717   24.709   24.679   24.680   24.670   24.681   24.620   24.535   24.477   24.459   24.426   24.383   24.358   24.336   24.465   24.633   23.632   23.219   23.076
       90   0.5594    2.44    0.070  -21.288   21.777   25.010   23.297   21.527   20.590   20.168   20.003   23.707   23.531   23.429   23.293   23.022   22.879   22.814   22.748   22.664   22.566   22.527   22.423   22.242   22.222   22.306   22.244   22.031   21.656   21.467   21.460   21.409   21.342   21.243   21.116   20.990   20.889   20.814   20.766   20.723   20.647   20.624   20.610   20.587   20.595   20.582   20.600   20.538   20.437   20.373   20.360   20.487   20.690   19.608   19.126   18.999
       91   1.1817    0.25    0.014  -22.197   24.957   27.491   26.744   24.586   23.398   22.220   21.716   26.753   26.677   26.612   26.577   26.585   26.600   26.628   26.648   26.592   26.521   26.384   26.235   25.986   25.723   25.499   25.303   25.111   24.907   24.727   24.565   24.429   24.372   24.292   24.076   23.841   23.744   23.717   23.666   23.634   23.583   23.519   23.451   23.451   23.409   23.240   23.118   23.117   23.197   23.298   23.258   23.043   23.502   21.000   20.437   19.947
       92   0.6021    0.74    0.075  -20.459   23.059   26.639   24.623   22.804   21.693   21.225   21.050   25.183   24.942   24.732   24.593   24.499   24.217   23.990   23.932   23.870   23.812   23.723   23.656   23.628   23.430   23.320   23.390   23.485   23.358   23.040   22.651   22.523   22.531   22.465   22.398   22.270   22.143   22.017   21.915   21.835   21.789   21.746   21.662   21.637   21.629   21.600   21.614   21.599   21.617   21.578   21.466   21.580   21.805   20.637   20.148   20.003
       93   0.4343    5.66    0.090  -19.180   22.635   25.713   24.159   22.470   21.889   21.520   21.379   24.408   24.266   24.180   24.092   23.985   23.880   23.835   23.676   23.552   23.586   23.527   23.364   23.039   22.876   22.862   22.790   22.738   22.629   22.504   22.388   22.311   22.256   22.218   22.146   22.125   22.107   22.085   22.085   22.081   22.076   21.984   21.912   21.871   21.851   21.808   21.775   21.752   21.733   21.726   21.715   21.801   21.967   20.978   20.616   20.448
       94   0.6950    6.65    0.009  -19.407   24.483   26.753   25.841   24.237   23.173   22.737   22.548   26.189   26.081   25.974   25.850   25.728   25.608   25.522   25.433   25.254   25.102   25.028   24.948   24.869   24.775   24.680   24.636   24.558   24.398   24.334   24.366   24.306   24.190   23.965   23.726   23.678   23.659   23.593   23.554   23.482   23.379   23.274   23.186   23.130   23.084   23.058   23.000   22.959   22.954   22.933   22.915   23.072   23.307   22.113   21.600   21.407
       95   0.6580    0.58    0.000  -20.887   23.104   26.537   24.674   22.829   21.592   21.110   20.906   25.373   25.135   24.881   24.658   24.462   24.363   24.232   23.930   23.754   23.705   23.648   23.590   23.503   23.441   23.418   23.222   23.106   23.165   23.277   23.188   22.918   22.507   22.315   22.311   22.278   22.202   22.115   21.973   21.856   21.738   21.655   21.583   21.554   21.492   21.422   21.413   21.395   21.377   21.389   21.372   21.474   21.732   20.472   19.964   19.781
       96   0.9107    9.88    0.195  -20.799   24.156   25.821   25.266   23.975   22.887   22.193   22.043   25.423   25.380   25.331   25.277   25.219   25.150   25.075   25.002   24.928   24.843   24.757   24.669   24.587   24.525   24.434   24.296   24.185   24.115   24.037   23.960   23.874   23.785   23.702   23.675   23.603   23.460   23.381   23.391   23.341   23.248   23.154   22.934   22.796   22.785   22.754   22.694   22.666   22.634   22.556   22.469   22.691   23.076   21.542   21.032   20.681
       97   0.8266    1.12    0.102  -19.540   25.416   28.370   27.248   25.278   23.945   23.216   23.020   27.945   27.829   27.685   27.449   27.222   27.022   26.826   26.618   26.433   26.265   26.171   26.082   25.841   25.623   25.555   25.499   25.452   25.386   25.304   25.251   25.232   25.071   24.932   24.940   25.038   25.048   24.899   24.602   24.267   24.140   24.142   24.109   24.041   23.979   23.855   23.750   23.639   23.549   23.478   23.424   23.748   24.207   22.497   21.994   21.689
       98   0.5287    7.82    0.049  -17.764   24.811   27.460   26.241   24.610   23.882   23.513   23.371   26.566   26.474   26.367   26.177   26.048   25.962   25.872   25.770   25.661   25.598   25.521   25.350   25.301   25.306   25.198   25.042   24.760   24.664   24.645   24.574   24.535   24.452   24.340   24.231   24.157   24.103   24.072   24.017   23.972   23.966   23.940   23.926   23.923   23.922   23.908   23.830   23.774   23.723   23.707   23.670   23.794   23.963   22.966   22.511   22.393
       99   0.2134   11.58    0.031  -19.017   20.526   23.027   21.491   20.453   20.062   19.774   19.653   21.801   21.760   21.628   21.398   21.229   21.189   21.115   21.071   20.948   20.825   20.755   20.708   20.657   20.615   20.601   20.567   20.562   20.559   20.514   20.454   20.383   20.355   20.310   20.285   20.266   20.254   20.241   20.197   20.153   20.128   20.117   20.108   20.086   20.051   20.016   19.990   19.976   19.954   19.929   19.907   19.997   20.125   19.246   19.102   18.949
      100   0.9388   10.91    0.036  -21.045   24.011   25.575   25.040   23.834   22.750   22.039   21.882   25.174   25.136   25.090   25.042   24.989   24.933   24.866   24.798   24.730   24.661   24.582   24.503   24.420   24.346   24.285   24.191   24.063   23.962   23.892   23.813   23.734   23.648   23.560   23.475   23.449   23.386   23.246   23.155   23.160   23.111   23.019   22.935   22.750   22.593   22.574   22.551   22.491   22.457   22.438   22.373   22.551   22.934   21.392   20.883   20.508