3000	0
3501.7	0.06506
3504.3	0.06504
3507	0.06501
3509.6	0.06499
3512.3	0.06496
3514.9	0.06494
3517.6	0.06492
3520.2	0.06489
3522.9	0.06487
3525.5	0.06485
3528.2	0.06482
3530.8	0.0648
3533.5	0.06478
3536.2	0.06475
3538.8	0.06473
3541.5	0.06471
3544.1	0.06468
3546.8	0.06466
3549.4	0.06464
3552.1	0.06461
3554.7	0.06459
3557.4	0.06457
3560	0.06454
3562.7	0.06452
3565.3	0.06449
3568	0.06447
3570.7	0.06445
3573.3	0.06442
3576	0.0644
3578.6	0.06438
3581.3	0.06435
3583.9	0.06433
3586.6	0.06431
3589.2	0.06428
3591.9	0.06426
3594.5	0.06424
3597.2	0.06421
3599.8	0.06419
3602.5	0.06417
3605.1	0.06414
3607.8	0.06412
3610.5	0.0641
3613.1	0.06407
3615.8	0.06405
3618.4	0.06402
3621.1	0.064
3623.7	0.06398
3626.4	0.06395
3629	0.06393
3631.7	0.06391
3634.3	0.06388
3637	0.06386
3639.6	0.06384
3642.3	0.06381
3644.9	0.06379
3647.6	0.06377
3650.3	0.06374
3652.9	0.06372
3655.6	0.0637
3658.2	0.06367
3660.9	0.06365
3663.5	0.06363
3666.2	0.0636
3668.8	0.06358
3671.5	0.06356
3674.1	0.06353
3676.8	0.06351
3679.4	0.06348
3682.1	0.06346
3684.7	0.06344
3687.4	0.06341
3690.1	0.06339
3692.7	0.06337
3695.4	0.06334
3698	0.06332
3700.7	0.0633
3703.3	0.06327
3706	0.06325
3708.6	0.06323
3711.3	0.0632
3713.9	0.06318
3716.6	0.06316
3719.2	0.06313
3721.9	0.06311
3724.5	0.06309
3727.2	0.06306
3729.9	0.06304
3732.5	0.06301
3735.2	0.06299
3737.8	0.06297
3740.5	0.06294
3743.1	0.06292
3745.8	0.0629
3748.4	0.06287
3751.1	0.06285
3753.7	0.06283
3756.4	0.0628
3759	0.06278
3761.7	0.06276
3764.3	0.06273
3767	0.06271
3769.7	0.06269
3772.3	0.06266
3775	0.06264
3777.6	0.06262
3780.3	0.06259
3782.9	0.06257
3785.6	0.06254
3788.2	0.06252
3790.9	0.0625
3793.5	0.06247
3796.2	0.06245
3798.8	0.06243
3801.5	0.0624
3804.1	0.06238
3806.8	0.06236
3809.5	0.06233
3812.1	0.06231
3814.8	0.06229
3817.4	0.06226
3820.1	0.06224
3822.7	0.06222
3825.4	0.06219
3828	0.06217
3830.7	0.06215
3833.3	0.06212
3836	0.0621
3838.6	0.06207
3841.3	0.06205
3844	0.06203
3846.6	0.062
3849.3	0.06198
3851.9	0.06196
3854.6	0.06194
3857.2	0.06191
3859.9	0.06189
3862.5	0.06187
3865.2	0.06184
3867.8	0.06182
3870.5	0.0618
3873.1	0.06178
3875.8	0.06176
3878.4	0.06173
3881.1	0.06171
3883.8	0.06169
3886.4	0.06167
3889.1	0.06165
3891.7	0.06163
3894.4	0.0616
3897	0.06158
3899.7	0.06156
3902.3	0.06154
3905	0.06152
3907.6	0.06151
3910.3	0.06149
3912.9	0.06147
3915.6	0.06145
3918.2	0.06143
3920.9	0.06141
3923.6	0.06139
3926.2	0.06137
3928.9	0.06135
3931.5	0.06133
3934.2	0.06131
3936.8	0.0613
3939.5	0.06128
3942.1	0.06126
3944.8	0.06124
3947.4	0.06122
3950.1	0.0612
3952.7	0.06118
3955.4	0.06116
3958	0.06114
3960.7	0.06112
3963.4	0.0611
3966	0.06108
3968.7	0.06106
3971.3	0.06104
3974	0.06102
3976.6	0.06101
3979.3	0.06099
3981.9	0.06097
3984.6	0.06095
3987.2	0.06093
3989.9	0.06091
3992.5	0.06089
3995.2	0.06087
3997.8	0.06084
4000.5	0.06082
4003.2	0.06081
4005.8	0.06079
4008.5	0.06077
4011.1	0.06074
4013.8	0.06072
4016.4	0.0607
4019.1	0.06068
4021.7	0.06066
4024.4	0.06064
4027	0.06062
4029.7	0.0606
4032.3	0.06058
4035	0.06056
4037.6	0.06054
4040.3	0.06052
4043	0.0605
4045.6	0.06048
4048.3	0.06046
4050.9	0.06044
4053.6	0.06042
4056.2	0.0604
4058.9	0.06038
4061.5	0.06036
4064.2	0.06034
4066.8	0.06032
4069.5	0.06031
4072.1	0.06029
4074.8	0.06027
4077.4	0.06025
4080.1	0.06023
4082.8	0.06021
4085.4	0.06019
4088.1	0.06018
4090.7	0.06016
4093.4	0.06014
4096	0.06012
4098.7	0.0601
4101.3	0.06009
4104	0.06007
4106.6	0.06006
4109.3	0.06004
4111.9	0.06003
4114.6	0.06001
4117.3	0.06
4119.9	0.05998
4122.6	0.05996
4125.2	0.05995
4127.9	0.05993
4130.5	0.05992
4133.2	0.0599
4135.8	0.05989
4138.5	0.05987
4141.1	0.05985
4143.8	0.05984
4146.4	0.05982
4149.1	0.05981
4151.7	0.05979
4154.4	0.05977
4157.1	0.05976
4159.7	0.05974
4162.4	0.05972
4165	0.05971
4167.7	0.05969
4170.3	0.05967
4173	0.05966
4175.6	0.05964
4178.3	0.05962
4180.9	0.0596
4183.6	0.05959
4186.2	0.05957
4188.9	0.05955
4191.5	0.05953
4194.2	0.05952
4196.9	0.0595
4199.5	0.05948
4202.2	0.05946
4204.8	0.05944
4207.5	0.05942
4210.1	0.0594
4212.8	0.05938
4215.4	0.05936
4218.1	0.05934
4220.7	0.05932
4223.4	0.0593
4226	0.05928
4228.7	0.05926
4231.3	0.05924
4234	0.05922
4236.7	0.0592
4239.3	0.05918
4242	0.05916
4244.6	0.05914
4247.3	0.05912
4249.9	0.0591
4252.6	0.05908
4255.2	0.05906
4257.9	0.05904
4260.5	0.05902
4263.2	0.059
4265.8	0.05898
4268.5	0.05896
4271.1	0.05894
4273.8	0.05892
4276.5	0.0589
4279.1	0.05888
4281.8	0.05886
4284.4	0.05884
4287.1	0.05882
4289.7	0.0588
4292.4	0.05879
4295	0.05877
4297.7	0.05875
4300.3	0.05873
4303	0.05871
4305.6	0.05869
4308.3	0.05868
4310.9	0.05866
4313.6	0.05864
4316.3	0.05862
4318.9	0.0586
4321.6	0.05859
4324.2	0.05857
4326.9	0.05855
4329.5	0.05853
4332.2	0.05852
4334.8	0.0585
4337.5	0.05848
4340.1	0.05846
4342.8	0.05845
4345.4	0.05843
4348.1	0.05841
4350.7	0.0584
4353.4	0.05838
4356.1	0.05836
4358.7	0.05834
4361.4	0.05833
4364	0.05831
4366.7	0.0583
4369.3	0.05828
4372	0.05826
4374.6	0.05825
4377.3	0.05823
4379.9	0.05821
4382.6	0.0582
4385.2	0.05818
4387.9	0.05817
4390.5	0.05815
4393.2	0.05814
4395.9	0.05812
4398.5	0.05811
4401.2	0.05809
4403.8	0.05808
4406.5	0.05807
4409.1	0.05806
4411.8	0.05804
4414.4	0.05803
4417.1	0.05802
4419.7	0.05801
4422.4	0.05799
4425	0.05798
4427.7	0.05797
4430.4	0.05796
4433	0.05794
4435.7	0.05793
4438.3	0.05792
4441	0.0579
4443.6	0.05789
4446.3	0.05788
4448.9	0.05787
4451.6	0.05785
4454.2	0.05784
4456.9	0.05782
4459.5	0.05781
4462.2	0.0578
4464.8	0.05778
4467.5	0.05777
4470.2	0.05776
4472.8	0.05774
4475.5	0.05773
4478.1	0.05771
4480.8	0.0577
4483.4	0.05768
4486.1	0.05767
4488.7	0.05766
4491.4	0.05764
4494	0.05763
4496.7	0.05761
4499.3	0.05759
4502	0.05758
4504.6	0.05756
4507.3	0.05754
4510	0.05753
4512.6	0.05751
4515.3	0.05749
4517.9	0.05747
4520.6	0.05746
4523.2	0.05744
4525.9	0.05742
4528.5	0.05741
4531.2	0.05739
4533.8	0.05737
4536.5	0.05735
4539.1	0.05734
4541.8	0.05732
4544.4	0.0573
4547.1	0.05729
4549.8	0.05727
4552.4	0.05725
4555.1	0.05724
4557.7	0.05722
4560.4	0.0572
4563	0.05719
4565.7	0.05717
4568.3	0.05715
4571	0.05714
4573.6	0.05712
4576.3	0.0571
4578.9	0.05709
4581.6	0.05707
4584.2	0.05705
4586.9	0.05704
4589.6	0.05702
4592.2	0.05701
4594.9	0.05699
4597.5	0.05697
4600.2	0.05696
4602.8	0.05694
4605.5	0.05693
4608.1	0.05691
4610.8	0.0569
4613.4	0.05688
4616.1	0.05687
4618.7	0.05685
4621.4	0.05684
4624	0.05682
4626.7	0.05681
4629.4	0.05679
4632	0.05678
4634.7	0.05676
4637.3	0.05675
4640	0.05674
4642.6	0.05672
4645.3	0.05671
4647.9	0.05669
4650.6	0.05668
4653.2	0.05666
4655.9	0.05665
4658.5	0.05664
4661.2	0.05662
4663.8	0.05661
4666.5	0.05659
4669.2	0.05658
4671.8	0.05657
4674.5	0.05656
4677.1	0.05654
4679.8	0.05653
4682.4	0.05652
4685.1	0.05651
4687.7	0.05649
4690.4	0.05648
4693	0.05647
4695.7	0.05646
4698.3	0.05645
4701	0.05644
4703.7	0.05643
4706.3	0.05642
4709	0.05641
4711.6	0.0564
4714.3	0.05639
4716.9	0.05638
4719.6	0.05638
4722.2	0.05637
4724.9	0.05636
4727.5	0.05635
4730.2	0.05634
4732.8	0.05633
4735.5	0.05632
4738.1	0.05631
4740.8	0.0563
4743.5	0.05629
4746.1	0.05628
4748.8	0.05627
4751.4	0.05626
4754.1	0.05625
4756.7	0.05624
4759.4	0.05623
4762	0.05622
4764.7	0.05621
4767.3	0.0562
4770	0.05618
4772.6	0.05617
4775.3	0.05616
4777.9	0.05615
4780.6	0.05614
4783.3	0.05612
4785.9	0.05611
4788.6	0.0561
4791.2	0.05608
4793.9	0.05607
4796.5	0.05606
4799.2	0.05604
4801.8	0.05603
4804.5	0.05601
4807.1	0.05599
4809.8	0.05597
4812.4	0.05595
4815.1	0.05594
4817.7	0.05592
4820.4	0.0559
4823.1	0.05588
4825.7	0.05587
4828.4	0.05585
4831	0.05583
4833.7	0.05581
4836.3	0.0558
4839	0.05578
4841.6	0.05576
4844.3	0.05574
4846.9	0.05572
4849.6	0.05571
4852.2	0.05569
4854.9	0.05567
4857.5	0.05566
4860.2	0.05564
4862.9	0.05562
4865.5	0.0556
4868.2	0.05559
4870.8	0.05557
4873.5	0.05555
4876.1	0.05554
4878.8	0.05552
4881.4	0.0555
4884.1	0.05549
4886.7	0.05547
4889.4	0.05546
4892	0.05544
4894.7	0.05542
4897.3	0.05541
4900	0.05539
4902.7	0.05538
4905.3	0.05536
4908	0.05535
4910.6	0.05533
4913.3	0.05532
4915.9	0.05531
4918.6	0.05529
4921.2	0.05528
4923.9	0.05526
4926.5	0.05525
4929.2	0.05523
4931.8	0.05522
4934.5	0.05521
4937.1	0.05519
4939.8	0.05518
4942.5	0.05516
4945.1	0.05515
4947.8	0.05514
4950.4	0.05512
4953.1	0.05511
4955.7	0.05509
4958.4	0.05508
4961	0.05506
4963.7	0.05505
4966.3	0.05504
4969	0.05502
4971.6	0.05501
4974.3	0.055
4977	0.05498
4979.6	0.05497
4982.3	0.05495
4984.9	0.05494
4987.6	0.05493
4990.2	0.05491
4992.9	0.0549
4995.5	0.05489
4998.2	0.05487
5000.8	0.05486
5003.5	0.05485
5006.1	0.05483
5008.8	0.05482
5011.4	0.05481
5014.1	0.0548
5016.8	0.05478
5019.4	0.05477
5022.1	0.05476
5024.7	0.05475
5027.4	0.05473
5030	0.05472
5032.7	0.05471
5035.3	0.0547
5038	0.05468
5040.6	0.05467
5043.3	0.05466
5045.9	0.05465
5048.6	0.05463
5051.2	0.05462
5053.9	0.05461
5056.6	0.0546
5059.2	0.05458
5061.9	0.05457
5064.5	0.05456
5067.2	0.05455
5069.8	0.05453
5072.5	0.05452
5075.1	0.05451
5077.8	0.0545
5080.4	0.05448
5083.1	0.05447
5085.7	0.05446
5088.4	0.05445
5091	0.05443
5093.7	0.05442
5096.4	0.05441
5099	0.0544
5101.7	0.05439
5104.3	0.05438
5107	0.05436
5109.6	0.05441
5112.3	0.0541
5114.9	0.05448
5117.6	0.05468
5120.2	0.0546
5122.9	0.05352
5125.5	0.05225
5128.2	0.05227
5130.8	0.05347
5133.5	0.05418
5136.2	0.05381
5138.8	0.05306
5141.5	0.05325
5144.1	0.05335
5146.8	0.05357
5149.4	0.05315
5152.1	0.05293
5154.7	0.05236
5157.4	0.05209
5160	0.05225
5162.7	0.05154
5165.3	0.05095
5168	0.05051
5170.6	0.0519
5173.3	0.0525
5176	0.05342
5178.6	0.05216
5181.3	0.05272
5183.9	0.05282
5186.6	0.0545
5189.2	0.05392
5191.9	0.05503
5194.5	0.06576
5197.2	0.07855
5199.8	0.08224
5202.5	0.07235
5205.1	0.05993
5207.8	0.05505
5210.4	0.05336
5213.1	0.05312
5215.8	0.05331
5218.4	0.05398
5221.1	0.0552
5223.7	0.05388
5226.4	0.0526
5229	0.05168
5231.7	0.05239
5234.3	0.05301
5237	0.05352
5239.6	0.0537
5242.3	0.0534
5244.9	0.05284
5247.6	0.05233
5250.3	0.05315
5252.9	0.05356
5255.6	0.05406
5258.2	0.05275
5260.9	0.0512
5263.5	0.05022
5266.2	0.05024
5268.8	0.05126
5271.5	0.05297
5274.1	0.05441
5276.8	0.0548
5279.4	0.05531
5282.1	0.054
5284.7	0.05268
5287.4	0.05112
5290.1	0.05173
5292.7	0.05264
5295.4	0.05339
5298	0.05357
5300.7	0.05361
5303.3	0.05312
5306	0.05303
5308.6	0.05464
5311.3	0.05489
5313.9	0.05475
5316.6	0.05291
5319.2	0.05255
5321.9	0.05224
5324.5	0.0531
5327.2	0.05473
5329.9	0.0568
5332.5	0.05591
5335.2	0.05413
5337.8	0.05223
5340.5	0.05226
5343.1	0.05283
5345.8	0.05315
5348.4	0.05276
5351.1	0.05206
5353.7	0.05194
5356.4	0.05269
5359	0.05321
5361.7	0.05307
5364.3	0.05253
5367	0.05233
5369.7	0.05212
5372.3	0.05293
5375	0.05259
5377.6	0.05201
5380.3	0.05058
5382.9	0.05033
5385.6	0.05063
5388.2	0.05187
5390.9	0.05155
5393.5	0.05144
5396.2	0.05076
5398.8	0.05111
5401.5	0.05137
5404.1	0.0512
5406.8	0.05207
5409.5	0.05155
5412.1	0.05242
5414.8	0.05135
5417.4	0.05202
5420.1	0.05075
5422.7	0.05052
5425.4	0.05033
5428	0.05087
5430.7	0.05197
5433.3	0.05283
5436	0.0528
5438.6	0.05293
5441.3	0.05135
5443.9	0.05187
5446.6	0.0514
5449.3	0.05268
5451.9	0.05256
5454.6	0.05239
5457.2	0.05214
5459.9	0.05255
5462.5	0.05314
5465.2	0.05346
5467.8	0.0528
5470.5	0.05123
5473.1	0.04988
5475.8	0.04996
5478.4	0.05084
5481.1	0.05085
5483.7	0.05144
5486.4	0.052
5489.1	0.05378
5491.7	0.05341
5494.4	0.05414
5497	0.05377
5499.7	0.05411
5502.3	0.05353
5505	0.0536
5507.6	0.05356
5510.3	0.05333
5512.9	0.05296
5515.6	0.05282
5518.2	0.05267
5520.9	0.052
5523.6	0.05088
5526.2	0.05046
5528.9	0.05085
5531.5	0.05279
5534.2	0.0532
5536.8	0.05416
5539.5	0.05458
5542.1	0.05669
5544.8	0.05713
5547.4	0.05652
5550.1	0.05529
5552.7	0.05459
5555.4	0.05396
5558	0.05437
5560.7	0.05569
5563.4	0.0568
5566	0.05689
5568.7	0.05813
5571.3	0.25442
5574	0.52816
5576.6	0.71786
5579.3	0.56734
5581.9	0.29343
5584.6	0.10135
5587.2	0.05606
5589.9	0.05546
5592.5	0.05497
5595.2	0.05387
5597.8	0.05386
5600.5	0.05557
5603.2	0.05657
5605.8	0.05712
5608.5	0.05478
5611.1	0.05217
5613.8	0.05216
5616.4	0.05415
5619.1	0.05744
5621.7	0.05858
5624.4	0.0582
5627	0.05564
5629.7	0.05335
5632.3	0.05178
5635	0.05244
5637.6	0.05328
5640.3	0.05378
5643	0.05469
5645.6	0.05585
5648.3	0.05565
5650.9	0.05395
5653.6	0.05197
5656.2	0.05191
5658.9	0.05259
5661.5	0.05359
5664.2	0.05489
5666.8	0.05582
5669.5	0.05525
5672.1	0.05457
5674.8	0.05408
5677.4	0.05492
5680.1	0.05383
5682.8	0.05325
5685.4	0.05172
5688.1	0.05285
5690.7	0.0543
5693.4	0.05588
5696	0.05708
5698.7	0.05591
5701.3	0.05581
5704	0.05405
5706.6	0.05443
5709.3	0.05337
5711.9	0.05359
5714.6	0.05394
5717.2	0.05565
5719.9	0.05651
5722.6	0.05684
5725.2	0.05551
5727.9	0.05532
5730.5	0.05486
5733.2	0.055
5735.8	0.05457
5738.5	0.05401
5741.1	0.05468
5743.8	0.055
5746.4	0.0553
5749.1	0.05395
5751.7	0.05343
5754.4	0.05287
5757	0.05394
5759.7	0.05305
5762.4	0.05321
5765	0.05317
5767.7	0.0543
5770.3	0.05448
5773	0.05405
5775.6	0.05358
5778.3	0.05359
5780.9	0.05328
5783.6	0.0533
5786.2	0.05234
5788.9	0.05219
5791.5	0.05239
5794.2	0.05261
5796.8	0.05336
5799.5	0.05366
5802.2	0.05516
5804.8	0.05525
5807.5	0.05453
5810.1	0.05337
5812.8	0.05347
5815.4	0.05413
5818.1	0.05586
5820.7	0.05698
5823.4	0.05732
5826	0.05585
5828.7	0.05572
5831.3	0.05564
5834	0.05562
5836.7	0.05547
5839.3	0.05693
5842	0.06552
5844.6	0.06469
5847.3	0.06359
5849.9	0.05519
5852.6	0.05593
5855.2	0.0549
5857.9	0.05563
5860.5	0.05923
5863.2	0.06735
5865.8	0.07177
5868.5	0.07092
5871.1	0.0652
5873.8	0.06309
5876.5	0.06143
5879.1	0.0613
5881.8	0.06259
5884.4	0.11035
5887.1	0.16267
5889.7	0.2048
5892.4	0.18658
5895	0.15205
5897.7	0.1112
5900.3	0.083
5903	0.06691
5905.6	0.06491
5908.3	0.06605
5910.9	0.06935
5913.6	0.07161
5916.3	0.07091
5918.9	0.06823
5921.6	0.06586
5924.2	0.06488
5926.9	0.06647
5929.5	0.07058
5932.2	0.07473
5934.8	0.07067
5937.5	0.06392
5940.1	0.05915
5942.8	0.0611
5945.4	0.06271
5948.1	0.06628
5950.7	0.06929
5953.4	0.06951
5956.1	0.06546
5958.7	0.06002
5961.4	0.05818
5964	0.05816
5966.7	0.0607
5969.3	0.06321
5972	0.06564
5974.6	0.06759
5977.3	0.06685
5979.9	0.06392
5982.6	0.05984
5985.2	0.05885
5987.9	0.06016
5990.5	0.05976
5993.2	0.05883
5995.9	0.05836
5998.5	0.05906
6001.2	0.06068
6003.8	0.05982
6006.5	0.05898
6009.1	0.05671
6011.8	0.0556
6014.4	0.05445
6017.1	0.05382
6019.7	0.05318
6022.4	0.05296
6025	0.05396
6027.7	0.05512
6030.3	0.05558
6033	0.05499
6035.7	0.05422
6038.3	0.05385
6041	0.05375
6043.6	0.05371
6046.3	0.05309
6048.9	0.05196
6051.6	0.05075
6054.2	0.05
6056.9	0.05011
6059.5	0.05074
6062.2	0.05181
6064.8	0.05228
6067.5	0.05142
6070.1	0.05118
6072.8	0.05044
6075.5	0.05133
6078.1	0.05033
6080.8	0.05063
6083.4	0.05001
6086.1	0.05009
6088.7	0.05014
6091.4	0.05015
6094	0.05111
6096.7	0.05137
6099.3	0.05155
6102	0.0511
6104.6	0.05137
6107.3	0.05119
6110	0.05097
6112.6	0.04967
6115.3	0.04956
6117.9	0.0484
6120.6	0.04808
6123.2	0.0484
6125.9	0.04886
6128.5	0.04906
6131.2	0.04805
6133.8	0.05073
6136.5	0.05335
6139.1	0.05592
6141.8	0.05445
6144.4	0.05351
6147.1	0.05121
6149.8	0.05071
6152.4	0.05299
6155.1	0.0571
6157.7	0.05747
6160.4	0.05342
6163	0.05098
6165.7	0.05312
6168.3	0.05633
6171	0.08651
6173.6	0.08548
6176.3	0.0833
6178.9	0.05132
6181.6	0.0493
6184.2	0.04798
6186.9	0.04767
6189.6	0.04741
6192.2	0.04811
6194.9	0.04823
6197.5	0.05085
6200.2	0.05356
6202.8	0.05481
6205.5	0.0526
6208.1	0.05045
6210.8	0.05032
6213.4	0.05122
6216.1	0.05367
6218.7	0.05645
6221.4	0.05638
6224	0.05301
6226.7	0.05071
6229.4	0.05657
6232	0.07237
6234.7	0.08516
6237.3	0.08809
6240	0.07791
6242.6	0.06769
6245.3	0.05828
6247.9	0.0536
6250.6	0.05452
6253.2	0.0644
6255.9	0.07577
6258.5	0.07916
6261.2	0.07377
6263.8	0.06654
6266.5	0.0622
6269.2	0.05911
6271.8	0.05667
6274.5	0.0562
6277.1	0.05681
6279.8	0.05811
6282.4	0.06278
6285.1	0.0709
6287.7	0.074
6290.4	0.07341
6293	0.18589
6295.7	0.74684
6298.3	1.28578
6301	1.56541
6303.6	1.00938
6306.3	0.47374
6309	0.07178
6311.6	0.06041
6314.3	0.05235
6316.9	0.05625
6319.6	0.06236
6322.2	0.06332
6324.9	0.06907
6327.5	0.07228
6330.2	0.07746
6332.8	0.06756
6335.5	0.05685
6338.1	0.04897
6340.8	0.04845
6343.4	0.05232
6346.1	0.05457
6348.8	0.05738
6351.4	0.06122
6354.1	0.06822
6356.7	0.12454
6359.4	0.28475
6362	0.45381
6364.7	0.50956
6367.3	0.34328
6370	0.16406
6372.6	0.0501
6375.3	0.05115
6377.9	0.05298
6380.6	0.05439
6383.3	0.0559
6385.9	0.05607
6388.6	0.05384
6391.2	0.04989
6393.9	0.04742
6396.5	0.04632
6399.2	0.04706
6401.8	0.04677
6404.5	0.04775
6407.1	0.04707
6409.8	0.04743
6412.4	0.04712
6415.1	0.04818
6417.7	0.04975
6420.4	0.05092
6423.1	0.05014
6425.7	0.04813
6428.4	0.04683
6431	0.04645
6433.7	0.04564
6436.3	0.04429
6439	0.04377
6441.6	0.04418
6444.3	0.04527
6446.9	0.04633
6449.6	0.04802
6452.2	0.05087
6454.9	0.05184
6457.5	0.05253
6460.2	0.05844
6462.9	0.06736
6465.5	0.07536
6468.2	0.07426
6470.8	0.06667
6473.5	0.05925
6476.1	0.05258
6478.8	0.05133
6481.4	0.0495
6484.1	0.04933
6486.7	0.04757
6489.4	0.04657
6492	0.04663
6494.7	0.04718
6497.3	0.04803
6500	0.04842
6502.7	0.0511
6505.3	0.05044
6508	0.04929
6510.6	0.0464
6513.3	0.04703
6515.9	0.04658
6518.6	0.04611
6521.2	0.04647
6523.9	0.04729
6526.5	0.04753
6529.2	0.04753
6531.8	0.04739
6534.5	0.04806
6537.1	0.04848
6539.8	0.04937
6542.5	0.04958
6545.1	0.04845
6547.8	0.04887
6550.4	0.05453
6553.1	0.05547
6555.7	0.05547
6558.4	0.04976
6561	0.04889
6563.7	0.04716
6566.3	0.05385
6569	0.05485
6571.6	0.05556
6574.3	0.05179
6576.9	0.05079
6579.6	0.05077
6582.3	0.04743
6584.9	0.04805
6587.6	0.04751
6590.2	0.04724
6592.9	0.04719
6595.5	0.04723
6598.2	0.04728
6600.8	0.04742
6603.5	0.04747
6606.1	0.04769
6608.8	0.04708
6611.4	0.0484
6614.1	0.04827
6616.7	0.04846
6619.4	0.04723
6622.1	0.04743
6624.7	0.04934
6627.4	0.05133
6630	0.05123
6632.7	0.04964
6635.3	0.04864
6638	0.04866
6640.6	0.04831
6643.3	0.04744
6645.9	0.04764
6648.6	0.04771
6651.2	0.04803
6653.9	0.04838
6656.6	0.04867
6659.2	0.04847
6661.9	0.04804
6664.5	0.04848
6667.2	0.0485
6669.8	0.04854
6672.5	0.0479
6675.1	0.04794
6677.8	0.04817
6680.4	0.04821
6683.1	0.04825
6685.7	0.0481
6688.4	0.04814
6691	0.04818
6693.7	0.04824
6696.4	0.04925
6699	0.04955
6701.7	0.04957
6704.3	0.0501
6707	0.05188
6709.6	0.05472
6712.3	0.05428
6714.9	0.05382
6717.6	0.0526
6720.2	0.05195
6722.9	0.05162
6725.5	0.05052
6728.2	0.05026
6730.8	0.04917
6733.5	0.05191
6736.2	0.05195
6738.8	0.05199
6741.5	0.04906
6744.1	0.04924
6746.8	0.04938
6749.4	0.04942
6752.1	0.04935
6754.7	0.04958
6757.4	0.0495
6760	0.04986
6762.7	0.0498
6765.3	0.04981
6768	0.05072
6770.6	0.05236
6773.3	0.05241
6776	0.05141
6778.6	0.04966
6781.3	0.04968
6783.9	0.04954
6786.6	0.04959
6789.2	0.05169
6791.9	0.05175
6794.5	0.05218
6797.2	0.05208
6799.8	0.0521
6802.5	0.05173
6805.1	0.04984
6807.8	0.04988
6810.4	0.04992
6813.1	0.04996
6815.8	0.05
6818.4	0.05004
6821.1	0.05008
6823.7	0.05012
6826.4	0.05208
6829	0.05263
6831.7	0.08669
6834.3	0.08483
6837	0.08438
6839.6	0.05183
6842.3	0.05187
6844.9	0.05191
6847.6	0.05048
6850.2	0.05051
6852.9	0.05055
6855.6	0.05059
6858.2	0.05063
6860.9	0.10088
6863.5	0.10097
6866.2	0.10106
6868.8	0.05185
6871.5	0.05189
6874.1	0.05192
6876.8	0.05089
6879.4	0.05273
6882.1	0.05277
6884.7	0.05292
6887.4	0.05115
6890	0.0515
6892.7	0.05143
6895.4	0.05176
6898	0.07738
6900.7	0.07746
6903.3	0.07778
6906	0.05183
6908.6	0.05187
6911.3	0.05138
6913.9	0.05142
6916.6	0.05268
6919.2	0.05272
6921.9	0.05276
6924.5	0.05156
6927.2	0.0516
6929.9	0.05163
6932.5	0.05251
6935.2	0.05346
6937.8	0.05483
6940.5	0.05418
6943.1	0.05345
6945.8	0.05214
6948.4	0.05342
6951.1	0.05396
6953.7	0.05593
6956.4	0.05747
6959	0.05848
6961.7	0.05707
6964.3	0.0545
6967	0.05922
6969.7	0.05978
6972.3	0.06061
6975	0.05474
6977.6	0.05386
6980.3	0.0528
6982.9	0.0524
6985.6	0.05313
6988.2	0.0534
6990.9	0.05343
6993.5	0.05348
6996.2	0.0537
6998.8	0.05499
7001.5	0.05457
7004.1	0.05418
7006.8	0.05295
7009.5	0.05263
7012.1	0.05266
7014.8	0.05269
7017.4	0.05272
7020.1	0.05274
7022.7	0.05277
7025.4	0.05284
7028	0.0532
7030.7	0.05338
7033.3	0.05336
7036	0.05349
7038.6	0.05761
7041.3	0.05914
7043.9	0.05877
7046.6	0.0547
7049.3	0.05442
7051.9	0.05442
7054.6	0.05431
7057.2	0.0544
7059.9	0.05569
7062.5	0.05572
7065.2	0.0548
7067.8	0.05601
7070.5	0.05805
7073.1	0.05777
7075.8	0.05633
7078.4	0.05522
7081.1	0.05526
7083.7	0.05432
7086.4	0.05349
7089.1	0.05355
7091.7	0.05358
7094.4	0.05425
7097	0.0544
7099.7	0.05443
7102.3	0.05378
7105	0.05654
7107.6	0.05762
7110.3	0.05767
7112.9	0.05481
7115.6	0.05379
7118.2	0.05381
7120.9	0.05384
7123.5	0.05386
7126.2	0.0539
7128.9	0.05449
7131.5	0.05453
7134.2	0.05456
7136.8	0.05504
7139.5	0.05507
7142.1	0.05511
7144.8	0.05411
7147.4	0.05414
7150.1	0.05417
7152.7	0.05451
7155.4	0.05543
7158	0.05547
7160.7	0.05519
7163.3	0.05478
7166	0.05482
7168.7	0.05485
7171.3	0.05443
7174	0.05446
7176.6	0.05485
7179.3	0.05488
7181.9	0.05491
7184.6	0.05459
7187.2	0.05463
7189.9	0.05466
7192.5	0.05469
7195.2	0.05473
7197.8	0.05476
7200.5	0.0548
7203.2	0.05484
7205.8	0.05488
7208.5	0.05492
7211.1	0.05495
7213.8	0.05499
7216.4	0.05503
7219.1	0.05507
7221.7	0.05533
7224.4	0.05537
7227	0.05563
7229.7	0.05545
7232.3	0.05549
7235	0.05531
7237.6	0.06681
7240.3	0.06688
7243	0.0766
7245.6	0.06637
7248.3	0.06671
7250.9	0.05705
7253.6	0.05628
7256.2	0.05603
7258.9	0.05607
7261.5	0.0557
7264.2	0.05574
7266.8	0.0566
7269.5	0.05664
7272.1	0.06607
7274.8	0.06531
7277.4	0.06537
7280.1	0.05598
7282.8	0.05665
7285.4	0.0567
7288.1	0.05697
7290.7	0.05656
7293.4	0.07461
7296	0.07445
7298.7	0.07434
7301.3	0.05906
7304	0.05917
7306.6	0.05921
7309.3	0.05917
7311.9	0.05916
7314.6	0.06198
7317.2	0.06266
7319.9	0.06271
7322.6	0.05997
7325.2	0.05666
7327.9	0.05707
7330.5	0.0571
7333.2	0.05715
7335.8	0.05682
7338.5	0.23105
7341.1	0.23272
7343.8	0.23304
7346.4	0.05887
7349.1	0.05765
7351.7	0.05769
7354.4	0.05867
7357	0.05862
7359.7	0.05922
7362.4	0.05778
7365	0.05843
7367.7	0.0579
7370.3	0.05992
7373	0.05962
7375.6	0.06149
7378.3	0.05998
7380.9	0.06202
7383.6	0.06024
7386.2	0.05992
7388.9	0.05774
7391.5	0.05776
7394.2	0.05774
7396.8	0.0582
7399.5	0.05901
7402.2	0.05908
7404.8	0.05872
7407.5	0.05895
7410.1	0.06267
7412.8	0.06288
7415.4	0.06507
7418.1	0.06138
7420.7	0.06207
7423.4	0.05898
7426	0.06137
7428.7	0.0605
7431.3	0.06134
7434	0.05902
7436.6	0.06069
7439.3	0.06041
7442	0.0607
7444.6	0.05911
7447.3	0.05914
7449.9	0.06028
7452.6	0.06032
7455.2	0.06003
7457.9	0.06009
7460.5	0.06033
7463.2	0.06153
7465.8	0.06134
7468.5	0.08019
7471.1	0.08321
7473.8	0.08217
7476.4	0.07317
7479.1	0.07035
7481.8	0.07251
7484.4	0.06278
7487.1	0.06208
7489.7	0.05994
7492.4	0.06008
7495	0.06089
7497.7	0.06278
7500.3	0.06412
7503	0.06283
7505.6	0.06275
7508.3	0.0698
7510.9	0.07009
7513.6	0.07374
7516.3	0.06571
7518.9	0.06578
7521.6	0.09857
7524.2	0.09859
7526.9	0.09937
7529.5	0.06401
7532.2	0.06571
7534.8	0.06555
7537.5	0.06833
7540.1	0.06793
7542.8	0.06736
7545.4	0.06192
7548.1	0.06277
7550.7	0.06661
7553.4	0.06749
7556.1	0.06516
7558.7	0.06178
7561.4	0.06284
7564	0.06414
7566.7	0.06375
7569.3	0.12702
7572	0.13437
7574.6	0.1343
7577.3	0.06952
7579.9	0.06156
7582.6	0.0624
7585.2	0.06205
7587.9	0.06144
7590.5	0.06117
7593.2	0.06122
7595.9	0.08086
7598.5	0.08046
7601.2	0.08051
7603.8	0.06097
7606.5	0.06103
7609.1	0.06108
7611.8	0.06196
7614.4	0.06202
7617.1	0.06322
7619.7	0.06436
7622.4	0.06441
7625	0.0635
7627.7	0.06166
7630.3	0.06246
7633	0.06235
7635.7	0.06256
7638.3	0.06188
7641	0.06194
7643.6	0.06472
7646.3	0.06479
7648.9	0.06485
7651.6	0.06203
7654.2	0.06209
7656.9	0.06216
7659.5	0.08233
7662.2	0.08241
7664.8	0.08248
7667.5	0.06241
7670.1	0.06287
7672.8	0.06294
7675.5	0.063
7678.1	0.06294
7680.8	0.063
7683.4	0.06317
7686.1	0.06296
7688.7	0.06545
7691.4	0.06542
7694	0.06549
7696.7	0.0667
7699.3	0.0673
7702	0.06736
7704.6	0.06687
7707.3	0.0684
7709.9	0.24654
7712.6	0.28044
7715.3	0.31656
7717.9	0.14214
7720.6	0.10719
7723.2	0.10584
7725.9	0.10232
7728.5	0.10127
7731.2	0.06723
7733.8	0.0673
7736.5	0.06664
7739.1	0.06461
7741.8	0.06468
7744.4	0.0651
7747.1	0.06658
7749.7	0.0686
7752.4	0.06832
7755.1	0.06658
7757.7	0.06749
7760.4	0.06756
7763	0.06775
7765.7	0.06502
7768.3	0.0651
7771	0.07148
7773.6	0.07156
7776.3	0.07163
7778.9	0.06528
7781.6	0.06581
7784.2	0.06887
7786.9	0.07004
7789.6	0.07377
7792.2	0.0712
7794.9	0.07017
7797.5	0.06615
7800.2	0.06755
7802.8	0.06762
7805.5	0.10452
7808.1	0.1029
7810.8	0.10296
7813.4	0.06834
7816.1	0.07331
7818.7	0.45911
7821.4	0.45688
7824	0.45185
7826.7	0.06732
7829.4	0.0674
7832	0.06747
7834.7	0.06695
7837.3	0.06703
7840	0.06712
7842.6	0.06711
7845.3	0.0672
7847.9	0.06785
7850.6	0.35219
7853.2	0.3521
7855.9	0.35145
7858.5	0.0676
7861.2	0.06768
7863.8	0.06776
7866.5	0.06784
7869.2	0.06793
7871.8	0.06801
7874.5	0.06809
7877.1	0.06818
7879.8	0.06826
7882.4	0.06835
7885.1	0.0693
7887.7	0.07825
7890.4	0.07834
7893	0.07756
7895.7	0.06879
7898.3	0.06888
7901	0.06897
7903.6	0.06906
7906.3	0.06915
7909	0.06942
7911.6	0.06951
7914.3	0.0696
7916.9	0.07275
7919.6	0.07285
7922.2	0.07294
7924.9	0.06979
7927.5	0.07239
7930.2	0.07248
7932.8	0.07257
7935.5	0.07016
7938.1	0.07025
7940.8	0.07041
7943.4	0.07421
7946.1	0.07687
7948.8	0.0769
7951.4	0.0738
7954.1	0.07134
7956.7	0.07144
7959.4	0.07102
7962	0.33682
7964.7	0.33699
7967.3	0.33717
7970	0.07142
7972.6	0.07199
7975.3	0.07209
7977.9	0.07219
7980.6	0.07183
7983.2	0.07194
7985.9	0.07204
7988.6	0.07304
7991.2	0.07571
7993.9	0.07582
7996.5	0.07502
7999.2	0.0727
8001.8	0.07328
8004.5	0.07339
8007.1	0.07337
8009.8	0.07301
8012.4	0.07999
8015.1	0.08011
8017.7	0.09146
8020.4	0.08558
8023	0.23842
8025.7	0.23763
8028.4	0.23718
8031	0.08448
8033.7	0.07462
8036.3	0.07551
8039	0.07515
8041.6	0.07515
8044.3	0.07448
8046.9	0.07849
8049.6	0.10071
8052.2	0.10216
8054.9	0.10042
8057.5	0.08181
8060.2	0.08065
8062.9	0.07995
8065.5	0.07954
8068.2	0.08285
8070.8	0.08177
8073.5	0.08143
8076.1	0.08151
8078.8	0.0857
8081.4	0.09262
8084.1	0.08976
8086.7	0.08582
8089.4	0.07668
8092	0.07696
8094.7	0.07857
8097.3	0.07872
8100	0.11174
8102.7	0.11038
8105.3	0.11424
8108	0.08165
8110.6	0.08333
8113.3	0.08037
8115.9	0.08134
8118.6	0.08216
8121.2	0.08188
8123.9	0.08541
8126.5	0.08404
8129.2	0.08652
8131.8	0.08248
8134.5	0.08271
8137.1	0.08301
8139.8	0.08407
8142.5	0.08428
8145.1	0.08772
8147.8	0.10703
8150.4	0.10681
8153.1	0.1036
8155.7	0.08607
8158.4	0.08562
8161	0.08333
8163.7	0.09099
8166.3	0.0959
8169	0.09923
8171.6	0.08922
8174.3	0.08478
8176.9	0.08316
8179.6	0.08356
8182.3	0.08379
8184.9	0.09403
8187.6	0.09679
8190.2	0.09991
8192.9	0.09806
8195.5	0.09481
8198.2	0.09166
8200.8	0.08195
8203.5	0.08208
8206.1	0.08412
8208.8	0.08633
8211.4	0.08744
8214.1	0.08592
8216.7	0.08466
8219.4	0.08652
8222.1	0.08697
8224.7	0.08759
8227.4	0.08767
8230	0.08735
8232.7	0.08843
8235.3	0.08604
8238	0.08601
8240.6	0.08386
8243.3	0.08865
8245.9	0.08903
8248.6	0.09165
8251.2	0.08695
8253.9	0.08945
8256.5	0.09175
8259.2	0.09724
8261.9	0.10264
8264.5	0.09963
8267.2	0.09442
8269.8	0.09081
8272.5	0.08942
8275.1	0.11047
8277.8	0.10646
8280.4	0.10663
8283.1	0.08679
8285.7	0.37904
8288.4	0.38571
8291	0.38685
8293.7	0.15739
8296.3	0.30458
8299	0.30663
8301.7	0.2434
8304.3	0.09379
8307	0.09084
8309.6	0.09099
8312.3	0.08958
8314.9	0.09552
8317.6	0.09568
8320.2	0.09361
8322.9	0.08795
8325.5	0.08808
8328.2	0.08823
8330.8	0.08838
8333.5	0.08853
8336.2	0.09181
8338.8	0.09772
8341.5	0.18454
8344.1	0.18312
8346.8	0.1868
8349.4	0.10014
8352.1	0.10024
8354.7	0.09117
8357.4	0.09224
8360	0.09099
8362.7	0.09754
8365.3	0.09681
8368	0.09699
8370.6	0.09311
8373.3	0.09328
8376	0.09354
8378.6	0.09134
8381.3	0.1004
8383.9	0.10082
8386.6	0.10101
8389.2	0.09225
8391.9	0.09232
8394.5	0.09482
8397.2	0.09974
8399.8	0.09969
8402.5	0.09753
8405.1	0.10814
8407.8	0.1144
8410.4	0.11479
8413.1	0.10666
8415.8	0.10195
8418.4	0.10496
8421.1	0.10469
8423.7	0.11007
8426.4	0.11799
8429	0.11291
8431.7	0.11535
8434.3	0.10723
8437	0.10703
8439.6	0.09892
8442.3	0.09669
8444.9	0.09625
8447.6	0.09612
8450.2	0.09909
8452.9	0.09919
8455.6	0.0994
8458.2	0.09681
8460.9	0.09701
8463.5	0.09721
8466.2	0.10096
8468.8	0.10126
8471.5	0.10146
8474.1	0.0981
8476.8	0.09821
8479.4	0.09841
8482.1	0.09862
8484.7	0.09882
8487.4	0.09903
8490	0.10008
8492.7	0.10029
8495.4	0.10649
8498	0.10587
8500.7	0.10786
8503.3	0.10478
8506	0.10527
8508.6	0.10372
8511.3	0.10604
8513.9	0.10619
8516.6	0.10671
8519.2	0.10549
8521.9	0.10952
8524.5	0.10944
8527.2	0.10626
8529.8	0.10244
8532.5	0.10266
8535.2	0.10289
8537.8	0.10311
8540.5	0.10333
8543.1	0.10355
8545.8	0.14692
8548.4	0.14718
8551.1	0.14744
8553.7	0.10442
8556.4	0.10465
8559	0.10487
8561.7	0.1051
8564.3	0.10533
8567	0.10556
8569.6	0.10579
8572.3	0.10602
8575	0.10625
8577.6	0.10648
8580.3	0.10672
8582.9	0.10695
8585.6	0.1257
8588.2	0.12596
8590.9	0.12622
8593.5	0.11188
8596.2	0.11212
8598.8	0.11236
8601.5	0.10861
8604.1	0.10885
8606.8	0.10909
8609.5	0.10933
8612.1	0.10958
8614.8	0.10982
8617.4	0.11109
8620.1	0.15223
8622.7	0.15255
8625.4	0.23842
8628	0.19777
8630.7	0.22203
8633.3	0.13542
8636	0.13571
8638.6	0.11202
8641.3	0.11227
8643.9	0.14376
8646.6	0.15292
8649.3	0.15321
8651.9	0.1549
8654.6	0.14629
8657.2	0.14658
8659.9	0.11404
8662.5	0.19179
8665.2	0.19213
8667.8	0.29085
8670.5	0.21356
8673.1	0.28554
8675.8	0.18848
8678.4	0.21411
8681.1	0.14263
8683.7	0.14175
8686.4	0.11665
8689.1	0.12673
8691.7	0.12701
8694.4	0.1273
8697	0.11832
8699.7	0.11859
8702.3	0.11884
8705	0.11872
8707.6	0.119
8710.3	0.11927
8712.9	0.11932
8715.6	0.11959
8718.2	0.11986
8720.9	0.12014
8723.5	0.12042
8726.2	0.1207
8728.9	0.12098
8731.5	0.12126
8734.2	0.12154
8736.8	0.12182
8739.5	0.12211
8742.1	0.12916
8744.8	0.12946
8747.4	0.1344
8750.1	0.12827
8752.7	0.12857
8755.4	0.13431
8758	0.1862
8760.7	0.18933
8763.3	0.34878
8766	0.30654
8768.7	0.30406
8771.3	0.13504
8774	0.12608
8776.6	0.12639
8779.3	0.12667
8781.9	0.12717
8784.6	0.13052
8787.2	0.13082
8789.9	0.13068
8792.5	0.1279
8795.2	0.1282
8797.8	0.1285
8800.5	0.12879
8803.1	0.12911
8805.8	0.12942
8808.5	0.12972
8811.1	0.13003
8813.8	0.13034
8816.4	0.13065
8819.1	0.13096
8821.7	0.13441
8824.4	1.42522
8827	1.42835
8829.7	1.42894
8832.3	0.13426
8835	0.13692
8837.6	0.13604
8840.3	0.13637
8842.9	0.13379
8845.6	0.13411
8848.3	0.13885
8850.9	0.1392
8853.6	0.13951
8856.2	0.13539
8858.9	0.13567
8861.5	0.136
8864.2	0.14735
8866.8	0.14769
8869.5	0.14803
8872.1	0.13731
8874.8	0.13764
8877.4	0.13797
8880.1	0.13829
8882.7	0.39591
8885.4	0.39672
8888.1	0.39754
8890.7	0.13964
8893.4	0.13997
8896	0.14031
8898.7	0.14065
8901.3	0.14128
8904	0.14162
8906.6	0.14197
8909.3	0.14202
8911.9	0.14236
8914.6	0.14271
8917.2	0.19479
8919.9	0.19524
8922.6	0.19569
8925.2	0.1441
8927.9	0.14445
8930.5	0.14478
8933.2	0.14512
8935.8	0.14546
8938.5	0.14581
8941.1	0.26095
8943.8	0.26154
8946.4	0.26213
8949.1	0.14954
8951.7	0.14991
8954.4	0.15028
8957	0.14967
8959.7	0.15004
8962.4	0.15041
8965	0.14941
8967.7	0.14978
8970.3	0.15015
8973	0.15502
8975.6	0.15608
8978.3	0.1696
8980.9	0.1662
8983.6	0.16597
8986.2	0.1547
8988.9	0.15434
8991.5	0.15467
8994.2	0.1535
8996.8	0.15388
8999.5	0.15908
9002.2	0.1619
9004.8	0.16231
9007.5	0.15781
9010.1	0.16163
9012.8	0.16259
9015.4	0.163
9018.1	0.15785
9020.7	0.15771
9023.4	0.15811
9026	0.1667
9028.7	0.16714
9031.3	0.1696
9034	0.16322
9036.6	0.17294
9039.3	0.17134
9042	0.18277
9044.6	0.17475
9047.3	0.27071
9049.9	0.26132
9052.6	0.2653
9055.2	0.16945
9057.9	0.16717
9060.5	0.16351
9063.2	0.16393
9065.8	0.16435
9068.5	0.16477
9071.1	0.16519
9073.8	0.16561
9076.4	0.16604
9079.1	0.16647
9081.8	0.17687
9084.4	0.17731
9087.1	0.1831
9089.7	0.22703
9092.4	0.23014
9095	0.22541
9097.7	0.17397
9100.3	0.20115
9103	0.20173
9105.6	0.20019
9108.3	0.17117
9110.9	0.17407
9113.6	0.17581
9116.2	0.17627
9118.9	0.17424
9121.6	0.17932
9124.2	0.1971
9126.9	0.19764
9129.5	0.19218
9132.2	0.17981
9134.8	0.18028
9137.5	0.18251
9140.1	0.18538
9142.8	0.18636
9145.4	0.1898
9148.1	0.18349
9150.7	0.19107
9153.4	0.1868
9156	0.19437
9158.7	0.52743
9161.4	0.54622
9164	0.54122
9166.7	0.19794
9169.3	0.18569
9172	0.18605
9174.6	0.18868
9177.3	0.19426
9179.9	0.19821
9182.6	0.20906
9185.2	0.22421
9187.9	0.23027
9190.5	0.21914
9193.2	0.20015
9195.9	0.2081
9198.5	0.21574
9200	0.31782
9205	0.32047
9210	0.31979
9215	0.31802
9220	0.31788
9225	0.3198
9230	0.31975
9235	0.31812
9240	0.31657
9245	0.31568
9250	0.31536
9255	0.31648
9260	0.31674
9265	0.31671
9270	0.31744
9275	0.31405
9280	0.30764
9285	0.30525
9290	0.30479
9295	0.30037
9300	0.29916
9305	0.39598
9310	0.59038
9315	0.64418
9320	0.49826
9325	0.52659
9330	0.40984
9335	0.30042
9340	0.30245
9345	0.25054
9350	0.2402
9355	0.24089
9360	0.2306
9365	0.2453
9370	0.30253
9375	0.55259
9380	0.72588
9385	0.55344
9390	0.46363
9395	0.39267
9400	0.33799
9405	0.3659
9410	0.31803
9415	0.31092
9420	0.38049
9425	0.37653
9430	0.27828
9435	0.36485
9440	0.51923
9445	0.45183
9450	0.35035
9455	0.33217
9460	0.37808
9465	0.33223
9470	0.29281
9475	0.49644
9480	0.68836
9485	0.43826
9490	0.27865
9495	0.26255
9500	0.29732
9505	0.36706
9510	0.34888
9515	0.39349
9520	0.50984
9525	0.45452
9530	0.32049
9535	0.27828
9540	0.27463
9545	0.26452
9550	0.30752
9555	0.34891
9560	0.30936
9565	0.35915
9570	0.437
9575	0.37377
9580	0.28207
9585	0.27241
9590	0.26574
9595	0.26358
9600	0.27602
9605	0.30135
9610	0.32421
9615	0.31784
9620	0.33423
9625	0.35253
9630	0.31837
9635	0.28836
9640	0.27945
9645	0.27812
9650	0.2853
9655	0.29976
9660	0.30519
9665	0.32041
9670	0.35469
9675	0.356
9680	0.40267
9685	0.45982
9690	0.41227
9695	0.43913
9700	0.54298
9705	0.47927
9710	0.4037
9715	0.49322
9720	0.60626
9725	0.55287
9730	0.38007
9735	0.3529
9740	0.4136
9745	0.36265
9750	0.30285
9755	0.29238
9760	0.28811
9765	0.29031
9770	0.29512
9775	0.29681
9780	0.29422
9785	0.3929
9790	0.91197
9795	1.32008
9800	0.97998
9805	0.54729
9810	0.4336
9815	0.40708
9820	0.34978
9825	0.31232
9830	0.32413
9835	0.31248
9840	0.29954
9845	0.38712
9850	0.49675
9855	0.4191
9860	0.31373
9865	0.30754
9870	0.64484
9875	0.98791
9880	0.63508
9885	0.30239
9890	0.36262
9895	0.49249
9900	0.48782
9905	0.3578
9910	0.48664
9915	0.85226
9920	0.82326
9925	0.45892
9930	0.29553
9935	0.30275
9940	0.49005
9945	0.94185
9950	1.05285
9955	0.81736
9960	0.96293
9965	0.95931
9970	0.5721
9975	0.40486
9980	0.35146
9985	0.29753
9990	0.29384
9995	0.31452
10000	0.3652
10005	0.37804
10010	0.76899
10015	1.25117
10020	0.88548
10025	0.55104
10030	0.55179
10035	0.39736
10040	0.34821
10045	0.40171
10050	0.35713
10055	0.33077
10060	0.41907
10065	0.4822
10070	0.43889
10075	0.3799
10080	0.5642
10085	0.79472
10090	0.54632
10095	0.30494
10100	0.38451
10105	0.48499
10110	0.4116
10115	0.30825
10120	0.50448
10125	0.81991
10130	0.69091
10135	0.39568
10140	0.30427
10145	0.31622
10150	0.42968
10155	0.5809
10160	0.56582
10165	0.46212
10170	0.80055
10175	1.18708
10180	0.81506
10185	0.66891
10190	0.98005
10195	0.90201
10200	0.63845
10205	0.72576
10210	1.1446
10215	1.3244
10220	0.75248
10225	0.49332
10230	0.76176
10235	0.71898
10240	0.42116
10245	0.28402
10250	0.28392
10255	0.28372
10260	0.28368
10265	0.28804
10270	0.31996
10275	0.34439
10280	0.45448
10285	1.92679
10290	3.32184
10295	2.25527
10300	1.21404
10305	0.78103
10310	0.5478
10315	0.51329
10320	0.35396
10325	0.33387
10330	0.37199
10335	0.32898
10340	0.30526
10345	0.5895
10350	0.89547
10355	0.62596
10360	0.32572
10365	0.2901
10370	1.15317
10375	2.15
10380	1.29913
10385	0.35212
10390	0.30138
10395	0.65437
10400	0.98231
10405	0.61032
10410	0.28106
10415	1.11925
10420	2.17121
10425	1.45136
10430	0.45131
10435	0.28723
10440	0.27879
10445	0.34556
10450	0.62087
10455	0.763
10460	0.4784
10465	0.73052
10470	1.41852
10475	1.15056
10480	0.4789
10485	0.27528
10490	0.27504
10495	0.27573
10500	0.27688
10505	0.37105
10510	0.52459
10515	0.48011
10520	0.47136
10525	0.74275
10530	0.77292
10535	0.44555
10540	0.27327
10545	0.2731
10550	0.27292
10555	0.27274
10560	0.27256
10565	0.27282
10570	0.3284
10575	0.38943
10580	0.35222
10585	0.4101
10590	0.48843
10595	0.36739
10600	0.272
10605	0.27169
10610	0.27101
10615	0.27056
10620	0.27036
10625	0.27014
10630	0.26994
10635	0.27296
10640	0.2906
10645	0.30288
10650	0.31488
10655	0.33323
10660	0.30185
10665	0.27006
10670	0.26842
10675	0.26809
10680	0.27577
10685	0.32668
10690	0.39039
10695	0.49051
10700	0.60732
10705	0.57871
10710	0.75097
10715	0.95517
10720	0.74692
10725	1.02092
10730	1.52472
10735	1.08699
10740	0.65759
10745	0.85901
10750	1.42962
10755	1.77016
10760	0.92795
10765	0.27012
10770	0.53574
10775	0.81519
10780	0.54267
10785	0.27254
10790	0.26488
10795	0.26534
10800	0.26503
10805	0.265
10810	0.26374
10815	0.26249
10820	0.26272
10825	0.5362
10830	2.70215
10835	4.4726
10840	2.99711
10845	1.76151
10850	0.99122
10855	0.56569
10860	0.7597
10865	0.48953
10870	0.27728
10875	0.35359
10880	0.40757
10885	0.3253
10890	0.33336
10895	0.76283
10900	1.07561
10905	0.63787
10910	0.27352
10915	0.25954
10920	1.38515
10925	2.83281
10930	1.96153
10935	0.5468
10940	0.2603
10945	0.69207
10950	1.2496
10955	0.89507
10960	0.35146
10965	0.2702
10970	1.73027
10975	3.30216
10980	1.80592
10985	0.31435
10990	0.25256
10995	0.25006
11000	0.28139
